# Ranked static MoE experts: layer expert miss_count access_count bytes
# budget_mib=4096 selected=2241 selected_mib=4095.68 trace_avoidable_mib=14320196.55
39 110 7424 8793 2039808
39 38 6877 10163 2039808
37 65 6855 8946 1900544
39 2 6829 8296 2039808
37 182 6691 11222 1900544
37 104 6690 9569 1900544
38 88 6479 7568 2039808
39 154 6416 10953 2039808
33 126 6224 7148 1900544
39 69 6190 9767 2039808
22 198 6168 9870 1900544
26 20 6119 7563 1900544
21 164 6092 7769 1900544
26 148 6083 7087 1900544
31 154 6067 8501 1900544
17 250 5997 7141 1900544
39 10 5990 6961 2039808
24 74 5988 7946 1900544
9 164 5983 8050 1900544
35 57 5971 10503 1900544
35 191 5910 8507 1900544
32 98 5907 6472 1900544
33 95 5876 8998 1900544
38 27 5872 7349 2039808
39 243 5867 7015 2039808
28 74 5846 9961 1900544
29 0 5733 10076 1900544
33 189 5728 8162 1900544
38 71 5718 8678 2039808
32 181 5712 7571 1900544
38 87 5708 7130 2039808
13 147 5684 7442 1900544
31 116 5653 9529 1900544
6 68 5651 8138 1900544
18 0 5636 6863 1900544
30 163 5630 10507 1900544
33 93 5602 9469 1900544
34 96 5580 7446 2039808
35 72 5577 10201 1900544
33 75 5577 8041 1900544
38 43 5566 6402 2039808
37 39 5559 9787 1900544
38 148 5557 9112 2039808
35 42 5556 10871 1900544
36 70 5553 10040 1900544
35 174 5548 11252 1900544
35 203 5546 7566 1900544
29 150 5536 10470 1900544
32 33 5523 7382 1900544
38 151 5472 10152 2039808
32 119 5466 9019 1900544
38 132 5458 6367 2039808
33 92 5450 9302 1900544
29 76 5443 6298 1900544
36 20 5437 10874 1900544
22 113 5405 6177 1900544
38 136 5390 7171 2039808
39 235 5372 8771 2039808
23 86 5367 8725 1900544
33 129 5345 7436 1900544
12 74 5342 8639 1900544
37 233 5323 8691 1900544
34 82 5322 7105 2039808
36 120 5312 9409 1900544
33 5 5311 7034 1900544
39 248 5309 6464 2039808
32 112 5292 10470 1900544
39 78 5291 6825 2039808
5 193 5288 6803 1900544
17 0 5287 8813 1900544
16 74 5285 8023 1900544
34 26 5275 10699 2039808
18 179 5271 6312 1900544
35 224 5245 7588 1900544
30 179 5244 6772 1900544
34 16 5242 6853 2039808
39 189 5236 6464 2039808
16 43 5230 8448 1900544
39 162 5222 7456 2039808
34 84 5214 5603 2039808
36 125 5202 6689 1900544
22 169 5202 6151 1900544
33 161 5186 6086 1900544
35 136 5185 5913 1900544
36 181 5174 7044 1900544
9 29 5165 7433 1900544
18 163 5155 10515 1900544
36 75 5146 8862 1900544
19 116 5135 8810 1900544
29 250 5134 6250 1900544
29 87 5131 9807 1900544
33 43 5118 9097 1900544
36 255 5118 7292 1900544
2 219 5083 10119 1900544
34 49 5045 7001 2039808
22 125 5036 10060 1900544
34 217 5027 7050 2039808
27 23 5027 5616 1900544
23 189 5021 5915 1900544
11 86 5019 7136 1900544
37 165 5011 9443 1900544
27 200 5004 5419 1900544
34 252 5002 7327 2039808
14 148 4999 6542 1900544
36 110 4994 9116 1900544
39 22 4994 6873 2039808
36 83 4977 9729 1900544
33 201 4973 6369 1900544
37 72 4972 10476 1900544
33 192 4969 7227 1900544
38 61 4968 5734 2039808
29 26 4962 7391 1900544
32 252 4957 7713 1900544
36 48 4952 5749 1900544
25 103 4949 6288 1900544
31 237 4946 6529 1900544
38 143 4945 8462 2039808
31 20 4936 11080 1900544
11 42 4936 10531 1900544
6 60 4936 7090 1900544
21 29 4936 5886 1900544
23 161 4923 5155 1900544
37 31 4918 6329 1900544
38 124 4917 5689 2039808
37 196 4915 6692 1900544
39 12 4914 5399 2039808
10 169 4912 7641 1900544
24 93 4904 8855 1900544
33 179 4903 6315 1900544
2 109 4900 7000 1900544
12 93 4888 9331 1900544
38 103 4887 6798 2039808
13 134 4886 9265 1900544
11 27 4869 6390 1900544
11 189 4865 7188 1900544
34 85 4857 9343 2039808
27 185 4857 7901 1900544
28 43 4850 7681 1900544
38 64 4850 6899 2039808
35 44 4847 6174 1900544
38 185 4836 5356 2039808
9 239 4830 7223 1900544
30 0 4830 5430 1900544
36 192 4827 8028 1900544
38 120 4826 9369 2039808
34 182 4824 5785 2039808
28 133 4824 5220 1900544
34 15 4821 5053 2039808
33 133 4820 6250 1900544
20 175 4814 8730 1900544
34 195 4807 5635 2039808
25 147 4804 5784 1900544
2 255 4803 5806 1900544
39 37 4798 5090 2039808
4 236 4785 5619 1900544
39 85 4781 7913 2039808
3 133 4780 5718 1900544
10 198 4772 9928 1900544
33 37 4760 7144 1900544
32 85 4743 7018 1900544
39 165 4743 5269 2039808
11 206 4739 10011 1900544
23 27 4736 5429 1900544
21 2 4733 9338 1900544
39 107 4728 5268 2039808
34 81 4725 5471 2039808
39 222 4723 7291 2039808
33 56 4720 6494 1900544
0 7 4720 5916 1900544
27 191 4717 5946 1900544
22 160 4716 11789 1900544
39 44 4715 6010 2039808
39 127 4713 5283 2039808
38 254 4711 6908 2039808
34 11 4709 6271 2039808
37 190 4701 8852 1900544
27 87 4696 8969 1900544
39 224 4683 5837 2039808
37 169 4683 5767 1900544
30 174 4678 7608 1900544
32 2 4678 6925 1900544
34 212 4671 7470 2039808
25 20 4664 6361 1900544
15 81 4659 5297 1900544
33 198 4650 5123 1900544
32 92 4649 6829 1900544
10 243 4641 9611 1900544
23 188 4632 5788 1900544
32 162 4632 5368 1900544
35 132 4630 5399 1900544
34 255 4629 7543 2039808
38 0 4616 5431 2039808
32 195 4608 7033 1900544
31 99 4608 5807 1900544
23 19 4607 6691 1900544
35 210 4597 5066 1900544
16 5 4596 5570 1900544
38 92 4595 7049 2039808
39 75 4589 6034 2039808
0 115 4577 9889 1900544
31 219 4577 5274 1900544
39 246 4571 6825 2039808
33 234 4566 5449 1900544
14 191 4559 5649 1900544
11 19 4555 7179 1900544
26 103 4554 9535 1900544
37 244 4554 5358 1900544
36 234 4552 7432 1900544
24 63 4549 6067 1900544
33 103 4547 5544 1900544
2 93 4547 5356 1900544
36 126 4542 5311 1900544
28 210 4541 6378 1900544
21 191 4529 8254 1900544
4 102 4528 7760 1900544
31 109 4525 6616 1900544
6 153 4518 7726 1900544
4 95 4515 5371 1900544
7 195 4513 5800 1900544
30 55 4511 6212 1900544
34 5 4511 5557 2039808
1 244 4511 5245 1900544
17 76 4511 5122 1900544
0 229 4504 6694 1900544
33 210 4498 6264 1900544
37 164 4497 6119 1900544
38 146 4495 7968 2039808
9 2 4494 8696 1900544
34 207 4488 5493 2039808
33 183 4485 5497 1900544
32 90 4480 8732 1900544
39 251 4480 5406 2039808
32 89 4473 6075 1900544
35 180 4473 5326 1900544
0 105 4472 6497 1900544
4 13 4472 5995 1900544
9 191 4470 8189 1900544
33 132 4469 5904 1900544
33 97 4462 7504 1900544
38 35 4461 5124 2039808
39 96 4458 5789 2039808
38 195 4455 5723 2039808
3 187 4454 5201 1900544
34 132 4431 8525 2039808
32 53 4431 6464 1900544
36 222 4431 6350 1900544
25 61 4431 6000 1900544
5 159 4430 5953 1900544
4 222 4429 7736 1900544
15 200 4429 5086 1900544
23 85 4428 5942 1900544
4 128 4424 5019 1900544
39 98 4423 5644 2039808
17 26 4422 6602 1900544
33 18 4418 5736 1900544
38 249 4417 8036 2039808
33 102 4416 6187 1900544
37 162 4406 5780 1900544
39 129 4400 6105 2039808
10 185 4398 10368 1900544
33 83 4397 7645 1900544
32 42 4391 4898 1900544
23 136 4387 5661 1900544
30 99 4386 8266 1900544
25 164 4384 6447 1900544
1 225 4380 5172 1900544
39 117 4380 4777 2039808
35 77 4378 4969 1900544
36 253 4377 6802 1900544
0 196 4376 6051 1900544
7 64 4374 6240 1900544
2 210 4373 6604 1900544
30 6 4372 6305 1900544
34 249 4372 6128 2039808
24 44 4372 5319 1900544
30 108 4372 4887 1900544
28 229 4368 8524 1900544
28 88 4367 5009 1900544
36 37 4367 4862 1900544
34 227 4365 5911 2039808
23 36 4361 5832 1900544
39 1 4359 6900 2039808
32 160 4355 5971 1900544
31 163 4354 5055 1900544
39 77 4353 5791 2039808
36 93 4353 4972 1900544
21 116 4352 5834 1900544
35 114 4350 5644 1900544
1 231 4349 6324 1900544
1 97 4348 7738 1900544
18 128 4348 6126 1900544
37 145 4346 5850 1900544
16 229 4343 8873 1900544
2 60 4337 9340 1900544
32 146 4336 7682 1900544
9 156 4335 6114 1900544
38 8 4333 6135 2039808
6 254 4332 7115 1900544
38 236 4331 5029 2039808
37 58 4327 6605 1900544
35 22 4326 6570 1900544
18 57 4325 7304 1900544
18 134 4324 6188 1900544
12 63 4322 6161 1900544
25 134 4321 8640 1900544
21 239 4318 6186 1900544
39 186 4318 5692 2039808
33 214 4311 6418 1900544
14 147 4310 5245 1900544
33 23 4309 6376 1900544
11 161 4308 4675 1900544
32 17 4306 6662 1900544
15 87 4303 8504 1900544
32 120 4301 5512 1900544
35 43 4298 7119 1900544
34 88 4295 4730 2039808
20 239 4293 7361 1900544
30 239 4293 5926 1900544
30 130 4292 4698 1900544
27 248 4289 5861 1900544
37 56 4284 5312 1900544
37 126 4283 6655 1900544
6 183 4280 5602 1900544
23 206 4279 9395 1900544
2 4 4279 5546 1900544
37 175 4276 8154 1900544
33 84 4274 5164 1900544
30 159 4274 4617 1900544
39 16 4270 8501 2039808
35 106 4269 4975 1900544
0 235 4268 7653 1900544
30 141 4259 4508 1900544
36 21 4253 5159 1900544
38 22 4250 6851 2039808
31 204 4246 4998 1900544
34 72 4245 8109 2039808
32 134 4243 6708 1900544
32 209 4243 5153 1900544
1 86 4242 7213 1900544
26 59 4239 5368 1900544
38 182 4239 4724 2039808
34 63 4236 8607 2039808
2 10 4234 5426 1900544
34 94 4233 6307 2039808
30 128 4232 5111 1900544
37 61 4231 5377 1900544
36 138 4227 4886 1900544
30 71 4221 5411 1900544
37 158 4220 5347 1900544
1 19 4219 8680 1900544
39 231 4219 7195 2039808
33 86 4219 6112 1900544
33 190 4217 5097 1900544
34 12 4214 5126 2039808
38 177 4213 4905 2039808
23 92 4209 4865 1900544
2 17 4208 5300 1900544
34 166 4206 6303 2039808
4 142 4205 9441 1900544
19 167 4205 7207 1900544
36 73 4200 10190 1900544
13 33 4200 5699 1900544
39 163 4193 4828 2039808
20 234 4192 5196 1900544
38 149 4190 4789 2039808
7 117 4186 8175 1900544
9 217 4185 5408 1900544
0 216 4184 6863 1900544
19 20 4179 10818 1900544
27 255 4178 5447 1900544
34 91 4176 5888 2039808
22 36 4175 6346 1900544
15 191 4168 5666 1900544
38 169 4168 5475 2039808
33 220 4166 5311 1900544
3 152 4162 4580 1900544
37 214 4160 5253 1900544
1 214 4159 5885 1900544
27 65 4158 4470 1900544
31 26 4154 7066 1900544
15 116 4154 5069 1900544
28 10 4151 4602 1900544
32 109 4150 5928 1900544
39 217 4141 5370 2039808
26 57 4139 4374 1900544
33 206 4135 5377 1900544
30 13 4131 5893 1900544
36 228 4128 4999 1900544
16 156 4117 4783 1900544
39 241 4114 6389 2039808
33 11 4113 6921 1900544
35 185 4112 6769 1900544
4 20 4112 5808 1900544
21 178 4111 5319 1900544
33 181 4108 6751 1900544
25 43 4106 5610 1900544
2 100 4102 4330 1900544
33 244 4100 4970 1900544
34 208 4098 5246 2039808
38 18 4097 5625 2039808
29 126 4097 4721 1900544
21 132 4094 5635 1900544
32 123 4092 8670 1900544
31 51 4090 4991 1900544
2 187 4089 5601 1900544
5 104 4084 6080 1900544
2 145 4078 4686 1900544
39 99 4077 5074 2039808
2 5 4074 5712 1900544
3 116 4072 5597 1900544
32 144 4072 5532 1900544
37 8 4066 4930 1900544
20 33 4065 4657 1900544
39 228 4063 5971 2039808
11 39 4060 5788 1900544
33 182 4060 4497 1900544
33 105 4058 4496 1900544
24 26 4053 5197 1900544
1 27 4050 6254 1900544
10 176 4048 5389 1900544
32 60 4048 4945 1900544
35 8 4047 4444 1900544
11 12 4046 6186 1900544
9 116 4044 5999 1900544
31 205 4038 4953 1900544
4 244 4036 5054 1900544
33 59 4035 5056 1900544
16 88 4034 5875 1900544
33 156 4033 7706 1900544
23 108 4032 10891 1900544
31 36 4032 7083 1900544
34 18 4031 5002 2039808
2 59 4027 4852 1900544
17 5 4025 6341 1900544
9 178 4025 5500 1900544
36 207 4024 4499 1900544
22 23 4018 4734 1900544
36 55 4018 4368 1900544
39 66 4017 4537 2039808
0 141 4016 6047 1900544
19 237 4016 5434 1900544
2 123 4016 5309 1900544
37 62 4016 4840 1900544
5 186 4011 6549 1900544
32 221 4008 5302 1900544
29 171 4008 4215 1900544
37 101 4001 7045 1900544
17 110 3998 4604 1900544
30 134 3997 7049 1900544
3 17 3995 5022 1900544
23 128 3994 10875 1900544
36 26 3994 6855 1900544
30 250 3994 5437 1900544
33 121 3989 5156 1900544
10 125 3977 10311 1900544
36 201 3972 5746 1900544
39 177 3971 8077 2039808
21 156 3971 4877 1900544
39 142 3970 4197 2039808
10 113 3969 5617 1900544
29 218 3966 4975 1900544
25 182 3965 10419 1900544
39 134 3965 4405 2039808
20 159 3963 5128 1900544
2 80 3963 4769 1900544
4 15 3957 7060 1900544
28 14 3955 5460 1900544
0 47 3954 7535 1900544
9 39 3953 4593 1900544
32 113 3953 4375 1900544
34 196 3951 4297 2039808
4 184 3950 4346 1900544
3 235 3950 4276 1900544
30 89 3948 5136 1900544
2 87 3946 4840 1900544
31 167 3945 7205 1900544
13 43 3945 6235 1900544
2 103 3942 5133 1900544
37 92 3942 4440 1900544
14 20 3941 4094 1900544
33 217 3928 6628 1900544
22 68 3924 7050 1900544
10 23 3923 4272 1900544
3 188 3921 6157 1900544
24 101 3921 5994 1900544
33 54 3921 4642 1900544
32 76 3920 5819 1900544
17 87 3918 9099 1900544
38 190 3915 4382 2039808
24 151 3914 8505 1900544
39 230 3911 4913 2039808
30 116 3910 4895 1900544
33 176 3908 4779 1900544
29 247 3907 6654 1900544
31 166 3904 4934 1900544
1 132 3903 5280 1900544
39 120 3903 4584 2039808
1 167 3902 5833 1900544
23 153 3902 5652 1900544
30 32 3901 4067 1900544
5 127 3899 7022 1900544
16 10 3898 4140 1900544
2 77 3896 5424 1900544
15 82 3896 4211 1900544
7 29 3895 5893 1900544
18 6 3893 5584 1900544
28 230 3891 5208 1900544
34 161 3891 4560 2039808
39 197 3890 4552 2039808
35 97 3890 4502 1900544
34 251 3889 6281 2039808
21 148 3888 5088 1900544
36 14 3886 5947 1900544
33 139 3885 8299 1900544
22 176 3885 6510 1900544
26 92 3885 6202 1900544
0 249 3884 5424 1900544
6 133 3883 4762 1900544
12 151 3880 5217 1900544
0 158 3879 7148 1900544
1 34 3878 4856 1900544
2 125 3876 5462 1900544
32 58 3876 4599 1900544
26 142 3873 6473 1900544
17 119 3873 5841 1900544
33 238 3872 4553 1900544
3 105 3868 4694 1900544
26 12 3865 8216 1900544
23 64 3865 6869 1900544
10 157 3864 8789 1900544
2 90 3864 6031 1900544
39 25 3863 5401 2039808
35 176 3862 4550 1900544
5 147 3861 5863 1900544
12 44 3861 4432 1900544
37 135 3860 5440 1900544
39 23 3858 8554 2039808
8 99 3857 7082 1900544
21 206 3855 5159 1900544
30 61 3854 4376 1900544
39 68 3854 4316 2039808
20 112 3853 5729 1900544
32 224 3852 7843 1900544
32 78 3852 5048 1900544
2 121 3846 5639 1900544
30 18 3846 4538 1900544
37 50 3845 7938 1900544
11 85 3845 5387 1900544
13 103 3843 5465 1900544
37 138 3843 5369 1900544
4 131 3843 4867 1900544
13 182 3841 9646 1900544
33 63 3840 4681 1900544
14 50 3836 5748 1900544
38 168 3834 5198 2039808
32 127 3834 4261 1900544
21 228 3833 5904 1900544
34 186 3830 6430 2039808
33 108 3830 5623 1900544
0 208 3827 7618 1900544
3 211 3825 6058 1900544
35 121 3824 4388 1900544
24 242 3820 6871 1900544
15 248 3819 6039 1900544
8 175 3818 7039 1900544
4 14 3817 5178 1900544
6 22 3815 8892 1900544
4 161 3810 5425 1900544
0 6 3810 4698 1900544
2 108 3810 4444 1900544
28 107 3808 5468 1900544
19 130 3808 4552 1900544
26 124 3808 4549 1900544
34 116 3804 5082 2039808
34 213 3803 5673 2039808
23 178 3803 4826 1900544
34 180 3802 4536 2039808
27 165 3799 10208 1900544
5 205 3798 9321 1900544
2 198 3798 4835 1900544
0 101 3797 5742 1900544
8 234 3797 5181 1900544
16 107 3793 5278 1900544
24 53 3792 4895 1900544
13 164 3791 7247 1900544
0 66 3791 5999 1900544
5 41 3791 4094 1900544
32 28 3790 5909 1900544
26 244 3790 4199 1900544
9 94 3789 6236 1900544
21 126 3789 5711 1900544
32 75 3788 5209 1900544
31 55 3784 4871 1900544
4 79 3783 6090 1900544
18 161 3778 6065 1900544
3 87 3778 5593 1900544
32 14 3778 5369 1900544
34 205 3777 4296 2039808
11 36 3776 6151 1900544
21 180 3776 4449 1900544
26 215 3775 5218 1900544
23 80 3772 12846 1900544
14 103 3772 7629 1900544
3 171 3771 5352 1900544
36 19 3770 3981 1900544
32 117 3769 7469 1900544
39 190 3768 4521 2039808
33 167 3768 4260 1900544
29 164 3767 4512 1900544
34 1 3763 9018 2039808
36 44 3762 4333 1900544
21 217 3761 4075 1900544
32 26 3758 5364 1900544
22 24 3758 4658 1900544
10 130 3756 5973 1900544
27 225 3756 4912 1900544
1 191 3754 5899 1900544
29 49 3753 4623 1900544
23 174 3753 4450 1900544
34 175 3752 5794 2039808
33 0 3750 4541 1900544
19 163 3749 4490 1900544
2 188 3746 6504 1900544
34 74 3745 5375 2039808
21 19 3744 4699 1900544
33 107 3742 6077 1900544
0 205 3742 5509 1900544
39 91 3741 4320 2039808
25 108 3739 9652 1900544
7 223 3736 5005 1900544
34 97 3734 4298 2039808
21 39 3734 4048 1900544
38 191 3733 4925 2039808
34 128 3729 4896 2039808
35 86 3726 5478 1900544
2 81 3725 4389 1900544
33 68 3724 6002 1900544
39 13 3722 8108 2039808
2 88 3721 4952 1900544
2 58 3719 5872 1900544
29 5 3719 5606 1900544
33 41 3717 4113 1900544
1 92 3713 5082 1900544
36 2 3713 4187 1900544
36 148 3712 4089 1900544
0 106 3710 6647 1900544
27 35 3710 4878 1900544
27 150 3709 6407 1900544
16 245 3707 5482 1900544
3 118 3707 5046 1900544
8 33 3707 4839 1900544
23 39 3705 4967 1900544
39 166 3705 4089 2039808
32 48 3704 4611 1900544
32 116 3703 4192 1900544
24 153 3700 4228 1900544
20 127 3699 5029 1900544
3 231 3697 4166 1900544
2 94 3694 4825 1900544
4 74 3693 5196 1900544
1 157 3693 4855 1900544
3 84 3693 4232 1900544
38 156 3693 3969 2039808
11 136 3691 5194 1900544
1 189 3689 5549 1900544
35 196 3687 5212 1900544
38 79 3685 6062 2039808
11 108 3684 11114 1900544
17 172 3683 3951 1900544
0 32 3681 4957 1900544
34 108 3680 8135 2039808
36 24 3680 7794 1900544
35 225 3680 4347 1900544
2 92 3677 6848 1900544
1 209 3677 5711 1900544
2 139 3674 5116 1900544
20 157 3674 5066 1900544
37 109 3672 6325 1900544
8 159 3671 5460 1900544
1 250 3668 9672 1900544
5 71 3667 5827 1900544
10 161 3667 4475 1900544
29 241 3664 7115 1900544
22 109 3664 4204 1900544
20 11 3664 4049 1900544
34 92 3662 5019 2039808
17 211 3662 4363 1900544
39 250 3661 6997 2039808
25 33 3660 4113 1900544
16 190 3659 5715 1900544
12 26 3658 5036 1900544
13 118 3658 4476 1900544
31 121 3656 5673 1900544
1 89 3656 5212 1900544
0 57 3655 6159 1900544
36 45 3654 6757 1900544
34 80 3653 4451 2039808
37 123 3653 4413 1900544
3 59 3653 4310 1900544
21 6 3652 6145 1900544
4 254 3651 4873 1900544
38 52 3651 3931 2039808
24 68 3649 5883 1900544
23 18 3648 5879 1900544
19 12 3648 4715 1900544
2 1 3647 4928 1900544
27 82 3647 4020 1900544
38 252 3646 5062 2039808
2 65 3645 4679 1900544
36 251 3641 6146 1900544
1 44 3640 4821 1900544
30 43 3638 11345 1900544
8 239 3635 5556 1900544
36 152 3634 6258 1900544
2 95 3634 5466 1900544
3 219 3634 4944 1900544
32 178 3633 6375 1900544
24 216 3633 4513 1900544
26 149 3631 5244 1900544
1 182 3630 7391 1900544
3 85 3630 4679 1900544
21 113 3630 4560 1900544
29 160 3630 4538 1900544
0 10 3630 4426 1900544
29 37 3626 5201 1900544
15 65 3626 4533 1900544
4 88 3625 10431 1900544
4 156 3625 4677 1900544
21 209 3624 4097 1900544
35 49 3623 7024 1900544
31 247 3623 5912 1900544
35 94 3622 4660 1900544
3 236 3620 6340 1900544
6 21 3620 4256 1900544
38 251 3618 6620 2039808
23 62 3618 3896 1900544
27 242 3613 8458 1900544
39 215 3613 5785 2039808
13 19 3613 4967 1900544
1 9 3613 4804 1900544
37 43 3613 4324 1900544
36 134 3613 3927 1900544
32 194 3611 5066 1900544
11 178 3610 4798 1900544
29 62 3610 4195 1900544
36 136 3607 5072 1900544
38 233 3607 4536 2039808
16 133 3607 4072 1900544
3 246 3603 5097 1900544
28 138 3603 4277 1900544
14 30 3602 5697 1900544
15 241 3602 5144 1900544
3 216 3602 4766 1900544
2 172 3600 4956 1900544
31 194 3599 4432 1900544
2 163 3598 3910 1900544
31 199 3597 4593 1900544
2 162 3597 4447 1900544
15 58 3596 8338 1900544
25 192 3596 3894 1900544
19 30 3595 9204 1900544
30 201 3594 7776 1900544
25 240 3593 4574 1900544
2 182 3592 5601 1900544
28 201 3592 4494 1900544
32 99 3592 4416 1900544
18 201 3585 5955 1900544
36 246 3583 6504 1900544
27 229 3581 9221 1900544
30 126 3579 7976 1900544
1 187 3579 3985 1900544
2 29 3578 5126 1900544
25 202 3577 7046 1900544
26 196 3577 5668 1900544
15 103 3576 4738 1900544
1 223 3575 5171 1900544
3 51 3574 4115 1900544
30 94 3572 4803 1900544
1 134 3572 4295 1900544
3 255 3571 5425 1900544
31 191 3571 4277 1900544
36 186 3569 4672 1900544
2 128 3568 4099 1900544
7 203 3567 6618 1900544
16 151 3566 5044 1900544
28 151 3565 4571 1900544
28 91 3564 4097 1900544
32 192 3563 7417 1900544
10 88 3563 5641 1900544
24 0 3563 4228 1900544
2 8 3562 5370 1900544
28 105 3560 4793 1900544
31 221 3559 5097 1900544
1 63 3559 4363 1900544
27 46 3556 4986 1900544
30 170 3556 4834 1900544
26 50 3555 6212 1900544
18 141 3554 4095 1900544
17 86 3552 4321 1900544
23 51 3547 3941 1900544
2 167 3545 5359 1900544
38 123 3544 4145 2039808
12 160 3542 4636 1900544
35 5 3542 4107 1900544
30 237 3537 3818 1900544
25 101 3536 5265 1900544
2 159 3535 4690 1900544
0 43 3534 9153 1900544
1 79 3534 4533 1900544
28 166 3534 4395 1900544
30 197 3533 7522 1900544
12 166 3533 5306 1900544
35 160 3531 5537 1900544
22 242 3529 6496 1900544
1 251 3529 4648 1900544
0 67 3529 4366 1900544
22 231 3529 4211 1900544
29 25 3529 3957 1900544
38 163 3527 3910 2039808
13 20 3524 5086 1900544
35 95 3522 4477 1900544
38 9 3521 6661 2039808
4 92 3520 4459 1900544
19 195 3519 5306 1900544
31 37 3517 4441 1900544
21 194 3517 4311 1900544
36 142 3516 7217 1900544
22 162 3516 4896 1900544
12 191 3514 4622 1900544
3 121 3514 4002 1900544
2 221 3512 7190 1900544
3 92 3512 5256 1900544
35 85 3511 5619 1900544
25 221 3511 3977 1900544
28 149 3510 5575 1900544
24 39 3509 7092 1900544
3 226 3508 5254 1900544
1 81 3507 4928 1900544
27 116 3506 4734 1900544
3 244 3506 4570 1900544
2 252 3506 4106 1900544
2 189 3505 4508 1900544
35 117 3502 4054 1900544
10 24 3501 4953 1900544
29 110 3501 3766 1900544
29 36 3500 5623 1900544
3 31 3500 5259 1900544
33 47 3500 4441 1900544
1 124 3499 7012 1900544
39 92 3497 7243 2039808
30 63 3495 6370 1900544
1 62 3495 5052 1900544
16 14 3495 4012 1900544
32 238 3495 3794 1900544
20 99 3494 6340 1900544
24 167 3494 4941 1900544
4 23 3494 4420 1900544
3 230 3492 5799 1900544
3 70 3491 4667 1900544
22 243 3490 9874 1900544
2 179 3490 5559 1900544
39 106 3487 3725 2039808
12 106 3486 5601 1900544
19 207 3485 5610 1900544
0 81 3484 9743 1900544
24 144 3484 5914 1900544
36 245 3484 4145 1900544
39 179 3484 3649 2039808
19 154 3483 5747 1900544
9 132 3482 5496 1900544
30 180 3482 5486 1900544
2 191 3482 4096 1900544
2 146 3480 4359 1900544
2 107 3479 4842 1900544
35 84 3478 11493 1900544
11 135 3478 4918 1900544
12 101 3477 4673 1900544
27 103 3477 4401 1900544
24 124 3477 3753 1900544
29 96 3477 3654 1900544
15 46 3476 4518 1900544
23 114 3475 4785 1900544
39 9 3474 4898 2039808
35 153 3471 4171 1900544
1 119 3469 5195 1900544
30 199 3469 4716 1900544
14 230 3468 4272 1900544
34 133 3467 5250 2039808
1 95 3467 4623 1900544
15 225 3466 4438 1900544
5 90 3465 4301 1900544
36 159 3464 5587 1900544
17 164 3464 4263 1900544
26 211 3464 4033 1900544
1 82 3462 4339 1900544
3 137 3462 4276 1900544
22 163 3461 6054 1900544
3 20 3461 4899 1900544
3 169 3461 3841 1900544
23 209 3460 4750 1900544
11 20 3459 4560 1900544
3 158 3459 3752 1900544
4 250 3457 5392 1900544
28 61 3456 4835 1900544
38 197 3456 4323 2039808
7 123 3455 7346 1900544
27 172 3455 5682 1900544
26 17 3455 4128 1900544
27 183 3454 5394 1900544
3 184 3454 3875 1900544
29 172 3453 4126 1900544
32 248 3451 3795 1900544
0 111 3450 5420 1900544
16 152 3449 6276 1900544
1 85 3449 6123 1900544
2 84 3449 5400 1900544
1 49 3448 5829 1900544
35 27 3448 5115 1900544
0 127 3447 5688 1900544
0 120 3447 5378 1900544
14 196 3447 3920 1900544
3 233 3446 5964 1900544
20 121 3444 4480 1900544
0 198 3444 4400 1900544
29 86 3444 3644 1900544
15 48 3443 3886 1900544
1 26 3442 4168 1900544
39 201 3442 3836 2039808
26 226 3441 4624 1900544
22 9 3440 4937 1900544
15 217 3440 4451 1900544
2 173 3438 4239 1900544
35 9 3437 4103 1900544
8 4 3436 6071 1900544
3 108 3435 4430 1900544
31 130 3433 4319 1900544
2 238 3431 4680 1900544
39 146 3431 4546 2039808
18 108 3431 4083 1900544
2 13 3429 4589 1900544
19 44 3428 3671 1900544
33 94 3427 7548 1900544
22 157 3426 5769 1900544
13 155 3425 3592 1900544
39 100 3424 3799 2039808
0 39 3423 6246 1900544
22 161 3423 3774 1900544
39 209 3423 3702 2039808
4 149 3421 5896 1900544
32 199 3421 5682 1900544
39 219 3418 3912 2039808
2 57 3416 3827 1900544
31 201 3413 6173 1900544
0 83 3412 5604 1900544
0 250 3410 4255 1900544
39 83 3409 3553 2039808
0 209 3407 4489 1900544
24 221 3405 8992 1900544
17 115 3405 8069 1900544
0 123 3405 6452 1900544
1 221 3405 5082 1900544
34 164 3405 3683 2039808
0 223 3404 5545 1900544
22 17 3404 4665 1900544
32 175 3403 3724 1900544
3 91 3402 4685 1900544
1 154 3399 4679 1900544
1 73 3398 3698 1900544
11 92 3395 3903 1900544
29 119 3393 3755 1900544
0 112 3392 7035 1900544
3 46 3392 4006 1900544
36 165 3391 4481 1900544
20 83 3389 3719 1900544
18 217 3388 5383 1900544
37 156 3387 4125 1900544
4 172 3386 4212 1900544
0 50 3384 4650 1900544
14 32 3382 6874 1900544
24 62 3382 3881 1900544
38 63 3382 3645 2039808
24 20 3381 6487 1900544
0 113 3381 5409 1900544
27 31 3381 4354 1900544
30 69 3380 5873 1900544
1 40 3379 7326 1900544
26 147 3379 3716 1900544
23 220 3378 4203 1900544
28 252 3377 6913 1900544
4 67 3377 5541 1900544
8 216 3377 4200 1900544
19 109 3375 6401 1900544
2 133 3375 5037 1900544
25 104 3374 6267 1900544
33 137 3371 6700 1900544
3 157 3371 4651 1900544
23 93 3370 4861 1900544
9 198 3369 8062 1900544
34 187 3369 7621 2039808
39 158 3369 7600 2039808
0 142 3369 5261 1900544
29 112 3369 3565 1900544
28 162 3368 4592 1900544
24 24 3368 3669 1900544
30 161 3365 4708 1900544
27 247 3365 3886 1900544
34 240 3364 8240 2039808
26 171 3363 4206 1900544
30 203 3359 6101 1900544
32 186 3359 3818 1900544
37 16 3358 3861 1900544
29 21 3356 5324 1900544
36 115 3355 5225 1900544
4 229 3354 3684 1900544
33 96 3353 4758 1900544
30 122 3352 3978 1900544
14 124 3350 4361 1900544
37 110 3350 3646 1900544
24 252 3349 6356 1900544
9 19 3349 5532 1900544
38 73 3349 3643 2039808
32 237 3348 5116 1900544
3 197 3347 5899 1900544
2 56 3347 4635 1900544
12 68 3347 4190 1900544
27 177 3346 6310 1900544
0 97 3346 5038 1900544
3 148 3344 5955 1900544
37 163 3344 5104 1900544
22 133 3344 4162 1900544
39 101 3344 3617 2039808
39 5 3343 3498 2039808
14 215 3341 4937 1900544
3 134 3341 4275 1900544
14 224 3340 5543 1900544
2 135 3339 3969 1900544
14 136 3338 3725 1900544
38 101 3335 5248 2039808
0 163 3335 5118 1900544
29 57 3334 5290 1900544
30 217 3333 4850 1900544
38 176 3333 3704 2039808
26 53 3331 5610 1900544
1 120 3331 4182 1900544
35 74 3330 4909 1900544
29 19 3330 4516 1900544
38 173 3329 10209 2039808
38 80 3327 6287 2039808
7 44 3326 4562 1900544
1 253 3326 4549 1900544
23 72 3326 4345 1900544
2 233 3326 4249 1900544
22 192 3326 3637 1900544
28 238 3324 6285 1900544
19 99 3324 4468 1900544
23 226 3324 3938 1900544
26 28 3323 5696 1900544
4 8 3323 5692 1900544
4 139 3323 5262 1900544
1 158 3323 4223 1900544
38 242 3323 3875 2039808
11 64 3321 7808 1900544
9 203 3321 5010 1900544
14 12 3321 4475 1900544
36 8 3320 5549 1900544
13 132 3320 3898 1900544
5 43 3319 6342 1900544
26 51 3318 6191 1900544
0 210 3317 6033 1900544
1 195 3317 5574 1900544
1 230 3316 5331 1900544
28 5 3316 3643 1900544
5 188 3315 7307 1900544
34 56 3315 6071 2039808
38 201 3315 5814 2039808
34 9 3315 3881 2039808
4 242 3315 3708 1900544
39 175 3315 3560 2039808
24 127 3314 3950 1900544
34 58 3313 5412 2039808
16 60 3311 6588 1900544
3 34 3311 4448 1900544
0 89 3310 4710 1900544
3 9 3310 4095 1900544
3 106 3307 5200 1900544
29 246 3307 4381 1900544
38 202 3307 3929 2039808
0 166 3306 5106 1900544
37 78 3305 7142 1900544
17 155 3305 4916 1900544
22 249 3305 3750 1900544
10 229 3303 4015 1900544
26 136 3303 3669 1900544
19 41 3302 6033 1900544
21 94 3302 4191 1900544
23 249 3302 3930 1900544
1 17 3301 4343 1900544
17 49 3301 3676 1900544
2 76 3300 4563 1900544
25 171 3300 4166 1900544
1 242 3300 3851 1900544
2 86 3295 5178 1900544
21 252 3294 4968 1900544
39 18 3294 3511 2039808
35 58 3292 4375 1900544
37 20 3292 4104 1900544
13 200 3291 6075 1900544
31 30 3290 6759 1900544
34 105 3290 5503 2039808
35 183 3290 4462 1900544
32 157 3289 3447 1900544
25 37 3288 7147 1900544
1 162 3288 4340 1900544
36 67 3288 3899 1900544
34 120 3287 3959 2039808
4 119 3285 5984 1900544
11 220 3285 4318 1900544
32 250 3285 4148 1900544
35 66 3285 3618 1900544
11 160 3284 11884 1900544
10 242 3284 6280 1900544
15 72 3282 3522 1900544
2 61 3280 5578 1900544
5 27 3279 4918 1900544
10 62 3279 3710 1900544
1 131 3278 4508 1900544
2 178 3277 4744 1900544
25 105 3276 4884 1900544
16 16 3276 3631 1900544
24 102 3275 4035 1900544
3 38 3272 5340 1900544
14 53 3272 4513 1900544
4 170 3272 4158 1900544
1 165 3271 4572 1900544
1 88 3271 4474 1900544
3 150 3271 4441 1900544
20 237 3270 6058 1900544
32 104 3270 4752 1900544
4 182 3270 4148 1900544
20 17 3270 3771 1900544
22 82 3270 3512 1900544
28 194 3269 7658 1900544
33 16 3269 5508 1900544
21 221 3268 5228 1900544
11 128 3267 11839 1900544
30 162 3267 5598 1900544
0 40 3267 4674 1900544
1 222 3267 4492 1900544
18 170 3267 4425 1900544
2 216 3265 4617 1900544
24 199 3264 7776 1900544
36 0 3264 7573 1900544
4 37 3264 4951 1900544
36 79 3264 4847 1900544
5 67 3263 4319 1900544
11 249 3263 4284 1900544
25 112 3263 4141 1900544
7 56 3262 4730 1900544
24 163 3262 4021 1900544
36 217 3262 3685 1900544
25 66 3261 5557 1900544
38 30 3257 6573 2039808
32 185 3257 4636 1900544
4 148 3257 4536 1900544
31 41 3257 4460 1900544
35 96 3255 5659 1900544
0 69 3255 5108 1900544
29 101 3255 4300 1900544
37 67 3253 6155 1900544
24 11 3252 5551 1900544
0 194 3252 4340 1900544
3 12 3252 3822 1900544
24 131 3251 5549 1900544
32 202 3251 3972 1900544
2 19 3251 3844 1900544
0 86 3250 5539 1900544
27 241 3250 5126 1900544
0 233 3249 5610 1900544
10 146 3249 5118 1900544
6 90 3248 4389 1900544
22 88 3248 4186 1900544
8 112 3247 5922 1900544
31 57 3247 5000 1900544
22 168 3247 4486 1900544
24 212 3247 4032 1900544
13 104 3245 5709 1900544
1 8 3245 3854 1900544
36 248 3244 4589 1900544
18 127 3244 3923 1900544
30 187 3244 3804 1900544
32 218 3243 5600 1900544
5 224 3243 5029 1900544
38 193 3242 4357 2039808
5 11 3242 3821 1900544
3 221 3240 5312 1900544
0 147 3238 5671 1900544
36 226 3238 3922 1900544
39 169 3238 3379 2039808
14 57 3237 3877 1900544
35 79 3237 3795 1900544
28 56 3236 4230 1900544
38 31 3235 3820 2039808
24 148 3234 5626 1900544
4 105 3234 5127 1900544
23 222 3234 3973 1900544
23 20 3234 3876 1900544
2 237 3234 3866 1900544
38 105 3234 3540 2039808
11 37 3233 6246 1900544
16 78 3232 3664 1900544
15 42 3231 3895 1900544
1 94 3230 6310 1900544
4 118 3230 5100 1900544
19 144 3230 4083 1900544
14 244 3230 3761 1900544
22 90 3230 3442 1900544
2 120 3229 6836 1900544
16 102 3229 4691 1900544
29 125 3229 4636 1900544
1 98 3229 4458 1900544
0 150 3228 4920 1900544
15 150 3228 4079 1900544
39 185 3228 3853 2039808
33 73 3227 3609 1900544
7 181 3226 6735 1900544
2 149 3226 4266 1900544
24 50 3225 6887 1900544
24 47 3225 3652 1900544
25 78 3224 6238 1900544
36 235 3224 4121 1900544
12 214 3224 3821 1900544
12 212 3223 4054 1900544
1 113 3223 3877 1900544
1 155 3221 7074 1900544
36 239 3220 6431 1900544
16 218 3220 5687 1900544
25 118 3219 3699 1900544
1 183 3218 5911 1900544
4 65 3218 4678 1900544
3 162 3218 4016 1900544
13 97 3218 3597 1900544
33 168 3218 3597 1900544
29 99 3217 5695 1900544
23 70 3217 4636 1900544
36 29 3217 4477 1900544
39 114 3217 4204 2039808
21 67 3216 4292 1900544
28 53 3215 3701 1900544
33 162 3213 3722 1900544
23 34 3213 3703 1900544
31 239 3213 3429 1900544
3 55 3210 4353 1900544
12 43 3210 3934 1900544
2 49 3209 8813 1900544
32 27 3209 4392 1900544
34 191 3209 3787 2039808
24 166 3208 4593 1900544
19 199 3208 4173 1900544
36 59 3208 3897 1900544
24 164 3205 6902 1900544
5 114 3202 4657 1900544
27 33 3202 3755 1900544
18 197 3201 8137 1900544
6 182 3201 5093 1900544
6 31 3200 5074 1900544
1 43 3199 5289 1900544
33 250 3198 6400 1900544
23 54 3198 5826 1900544
25 146 3197 3725 1900544
4 133 3196 6452 1900544
26 10 3196 4157 1900544
1 2 3196 4032 1900544
34 238 3195 7086 2039808
35 10 3195 4691 1900544
20 216 3195 4407 1900544
1 228 3194 3960 1900544
29 236 3193 5386 1900544
34 109 3193 5227 2039808
1 150 3193 4140 1900544
3 50 3193 3938 1900544
17 126 3191 4619 1900544
27 203 3191 4442 1900544
38 141 3191 3709 2039808
17 226 3189 6547 1900544
34 152 3189 4705 2039808
18 69 3188 5085 1900544
1 198 3187 6764 1900544
21 169 3187 5743 1900544
38 180 3187 4043 2039808
9 206 3186 5243 1900544
1 59 3185 3801 1900544
25 13 3184 10448 1900544
0 78 3183 5995 1900544
1 32 3183 4041 1900544
29 213 3183 3473 1900544
23 135 3182 4061 1900544
32 101 3182 3869 1900544
9 148 3179 4407 1900544
37 161 3177 6325 1900544
33 90 3177 4391 1900544
28 193 3174 4988 1900544
29 91 3174 4751 1900544
1 237 3174 3725 1900544
35 34 3173 4874 1900544
28 39 3173 3367 1900544
20 220 3172 4651 1900544
34 34 3172 3904 2039808
33 71 3172 3568 1900544
9 180 3171 4820 1900544
16 61 3171 4288 1900544
32 136 3170 4349 1900544
19 57 3170 3970 1900544
23 116 3170 3909 1900544
22 11 3170 3583 1900544
34 226 3169 4260 2039808
5 165 3167 5044 1900544
0 46 3167 3818 1900544
28 158 3165 5416 1900544
1 175 3164 3781 1900544
24 220 3163 6983 1900544
31 207 3163 5029 1900544
1 87 3163 4606 1900544
25 89 3161 6499 1900544
3 128 3160 4245 1900544
20 115 3160 4198 1900544
1 255 3159 3971 1900544
23 176 3159 3304 1900544
0 36 3158 4934 1900544
3 109 3158 4739 1900544
19 173 3158 4343 1900544
6 168 3158 4310 1900544
5 182 3158 3756 1900544
18 203 3156 7185 1900544
33 6 3156 5073 1900544
36 166 3154 4416 1900544
0 22 3154 4320 1900544
2 209 3154 3775 1900544
26 71 3153 4695 1900544
33 232 3152 4545 1900544
17 171 3150 3437 1900544
25 230 3148 5485 1900544
4 200 3148 4300 1900544
3 190 3146 4138 1900544
2 228 3146 3622 1900544
23 201 3145 5656 1900544
20 65 3145 4223 1900544
28 40 3144 4196 1900544
3 131 3144 4085 1900544
26 230 3144 3653 1900544
26 38 3143 4549 1900544
2 194 3143 4197 1900544
19 85 3142 5453 1900544
23 37 3142 5158 1900544
28 190 3141 6668 1900544
21 77 3141 3815 1900544
30 31 3141 3465 1900544
25 44 3140 5821 1900544
1 241 3140 3698 1900544
10 17 3139 4240 1900544
12 85 3139 4225 1900544
0 93 3138 5708 1900544
11 247 3138 4039 1900544
3 179 3137 3698 1900544
4 97 3136 4116 1900544
1 107 3135 5194 1900544
28 156 3135 3430 1900544
35 190 3134 6589 1900544
22 70 3133 8365 1900544
0 255 3133 4714 1900544
1 16 3132 7594 1900544
24 232 3132 3758 1900544
32 18 3131 4700 1900544
30 37 3130 4639 1900544
26 231 3130 4492 1900544
20 217 3130 3450 1900544
5 18 3129 4149 1900544
39 138 3128 4054 2039808
36 119 3127 4931 1900544
39 244 3126 6954 2039808
25 200 3126 5647 1900544
0 218 3125 4273 1900544
2 222 3124 3996 1900544
11 188 3124 3534 1900544
12 47 3124 3468 1900544
27 108 3124 3368 1900544
1 65 3123 3919 1900544
29 225 3123 3831 1900544
33 225 3122 4318 1900544
13 89 3121 7788 1900544
31 15 3121 4074 1900544
2 39 3118 4764 1900544
25 185 3118 4627 1900544
2 42 3116 4703 1900544
39 203 3116 3344 2039808
3 4 3115 3639 1900544
11 174 3114 4459 1900544
8 35 3114 4363 1900544
4 138 3113 3769 1900544
34 177 3113 3539 2039808
1 129 3112 6109 1900544
0 84 3112 4750 1900544
21 232 3112 4149 1900544
5 135 3110 6484 1900544
1 206 3110 5329 1900544
16 149 3110 4551 1900544
39 108 3110 3724 2039808
31 225 3108 3309 1900544
11 47 3107 7425 1900544
0 251 3107 6317 1900544
4 221 3107 4980 1900544
39 8 3107 3730 2039808
39 225 3107 3430 2039808
3 170 3106 5126 1900544
16 40 3105 5886 1900544
27 181 3105 3729 1900544
34 64 3104 3718 2039808
13 202 3101 6818 1900544
1 169 3101 6071 1900544
4 205 3099 4622 1900544
27 81 3099 3372 1900544
28 93 3096 3661 1900544
11 99 3095 4416 1900544
22 130 3095 4349 1900544
15 242 3094 8639 1900544
21 197 3093 5716 1900544
2 170 3093 4384 1900544
36 106 3093 3432 1900544
39 223 3093 3325 2039808
7 166 3091 4472 1900544
30 90 3091 3713 1900544
29 54 3091 3606 1900544
10 120 3091 3417 1900544
0 85 3090 4412 1900544
18 250 3090 3965 1900544
16 166 3090 3838 1900544
23 132 3090 3327 1900544
17 96 3090 3250 1900544
29 46 3089 4363 1900544
2 142 3087 3649 1900544
29 214 3086 4846 1900544
0 254 3085 4541 1900544
26 81 3085 3306 1900544
0 185 3084 5288 1900544
29 18 3084 3418 1900544
3 114 3083 3447 1900544
3 37 3082 9347 1900544
12 4 3082 3810 1900544
37 143 3081 5561 1900544
29 198 3081 4415 1900544
4 122 3080 3972 1900544
23 205 3080 3603 1900544
39 27 3079 3186 2039808
23 218 3078 6042 1900544
0 80 3078 4829 1900544
12 153 3078 3527 1900544
39 174 3078 3259 2039808
2 249 3077 4773 1900544
26 190 3077 3737 1900544
27 18 3076 5658 1900544
20 180 3076 5148 1900544
11 164 3076 3971 1900544
35 194 3075 4574 1900544
20 223 3075 3813 1900544
0 102 3073 4346 1900544
1 186 3073 4087 1900544
23 71 3073 3751 1900544
23 247 3073 3582 1900544
12 144 3072 4725 1900544
0 63 3072 3784 1900544
1 125 3071 3695 1900544
30 127 3070 4085 1900544
20 120 3070 3378 1900544
1 66 3068 5732 1900544
35 218 3067 5891 1900544
3 48 3067 3395 1900544
2 36 3065 4111 1900544
10 175 3065 3975 1900544
38 115 3065 3336 2039808
15 240 3064 3730 1900544
11 153 3063 6295 1900544
36 195 3063 5796 1900544
9 193 3063 4507 1900544
36 17 3063 3549 1900544
6 166 3063 3476 1900544
18 85 3063 3476 1900544
5 10 3063 3299 1900544
29 248 3062 12695 1900544
5 25 3062 4301 1900544
1 178 3062 3676 1900544
4 206 3061 5265 1900544
2 254 3061 4313 1900544
31 114 3060 5350 1900544
36 227 3058 7178 1900544
20 205 3058 5463 1900544
37 147 3058 4679 1900544
32 149 3058 3916 1900544
2 97 3057 3728 1900544
1 227 3057 3727 1900544
18 193 3056 4596 1900544
1 13 3055 5678 1900544
26 137 3052 12661 1900544
5 88 3052 4742 1900544
25 243 3048 5337 1900544
0 88 3048 4560 1900544
39 11 3048 3224 2039808
18 112 3047 3403 1900544
9 63 3043 3859 1900544
0 178 3042 4040 1900544
9 69 3042 3855 1900544
31 118 3042 3814 1900544
4 163 3041 6937 1900544
2 20 3041 4996 1900544
25 220 3041 3308 1900544
8 157 3038 5641 1900544
2 79 3036 4897 1900544
4 87 3036 3758 1900544
28 54 3034 4842 1900544
16 203 3033 3994 1900544
11 204 3032 10610 1900544
25 211 3032 4412 1900544
25 148 3032 4405 1900544
32 132 3032 3966 1900544
18 209 3032 3909 1900544
1 96 3031 6609 1900544
1 153 3031 5783 1900544
11 143 3029 4229 1900544
18 94 3029 3671 1900544
15 232 3029 3384 1900544
0 246 3028 4610 1900544
21 117 3028 3895 1900544
1 217 3027 5175 1900544
37 69 3027 3649 1900544
27 99 3027 3404 1900544
16 98 3026 8876 1900544
32 19 3026 3917 1900544
37 127 3026 3550 1900544
18 159 3026 3162 1900544
32 226 3025 4867 1900544
14 6 3025 4144 1900544
17 46 3025 4137 1900544
11 70 3025 3948 1900544
35 2 3025 3768 1900544
32 12 3025 3122 1900544
6 16 3024 5285 1900544
24 32 3024 3638 1900544
37 240 3024 3427 1900544
1 47 3022 3828 1900544
15 183 3021 4036 1900544
24 160 3021 3721 1900544
34 33 3020 5268 2039808
27 83 3020 3497 1900544
5 61 3018 6032 1900544
17 25 3016 3729 1900544
29 42 3016 3309 1900544
37 5 3015 4273 1900544
20 61 3015 4100 1900544
12 55 3015 3664 1900544
1 112 3014 10866 1900544
1 226 3013 6408 1900544
23 142 3013 5711 1900544
37 113 3012 3692 1900544
27 112 3012 3389 1900544
0 98 3011 4414 1900544
7 19 3011 3661 1900544
0 109 3010 7086 1900544
37 48 3009 4668 1900544
0 108 3009 4317 1900544
15 255 3009 3941 1900544
0 238 3008 8723 1900544
12 208 3008 5647 1900544
25 205 3008 5136 1900544
12 124 3007 3339 1900544
15 102 3006 5777 1900544
19 221 3006 4263 1900544
2 234 3006 3860 1900544
11 57 3006 3283 1900544
29 15 3005 6245 1900544
4 203 3005 5645 1900544
32 197 3004 7364 1900544
20 116 3004 6594 1900544
4 94 3003 7112 1900544
23 177 3003 4010 1900544
2 224 3003 3728 1900544
1 185 3003 3711 1900544
26 125 3002 4599 1900544
15 130 3002 3498 1900544
24 4 3002 3361 1900544
2 35 3001 3776 1900544
1 149 3001 3666 1900544
18 204 3000 6665 1900544
9 252 3000 4535 1900544
2 71 2998 4957 1900544
26 144 2998 3529 1900544
24 13 2997 3804 1900544
14 38 2996 5177 1900544
27 102 2996 3180 1900544
1 133 2995 5382 1900544
26 105 2995 3950 1900544
1 3 2995 3549 1900544
11 184 2994 3473 1900544
26 181 2993 3215 1900544
14 125 2991 8869 1900544
2 129 2991 5410 1900544
22 19 2991 3917 1900544
3 146 2990 4342 1900544
2 223 2990 4321 1900544
1 148 2990 4233 1900544
2 211 2990 4233 1900544
3 119 2989 5939 1900544
17 62 2989 3467 1900544
0 24 2988 7873 1900544
27 58 2988 7048 1900544
31 246 2987 4053 1900544
38 215 2986 7028 2039808
4 167 2986 5682 1900544
0 171 2986 5661 1900544
11 18 2985 6238 1900544
33 203 2985 3633 1900544
32 71 2983 4160 1900544
38 196 2983 3506 2039808
22 95 2982 4416 1900544
16 189 2981 3800 1900544
17 21 2980 3795 1900544
15 185 2979 4794 1900544
23 233 2979 4233 1900544
0 14 2977 5629 1900544
2 243 2977 3428 1900544
0 49 2975 4160 1900544
2 75 2974 3895 1900544
36 171 2974 3569 1900544
12 77 2974 3242 1900544
6 143 2973 8122 1900544
15 148 2972 7735 1900544
6 54 2972 4621 1900544
7 241 2972 3785 1900544
7 204 2971 4653 1900544
4 241 2971 4287 1900544
4 247 2971 3558 1900544
1 57 2970 3837 1900544
20 47 2970 3354 1900544
5 32 2968 3545 1900544
20 174 2967 5174 1900544
22 20 2967 3744 1900544
39 42 2966 3987 2039808
26 236 2966 3316 1900544
7 23 2965 4886 1900544
18 97 2964 5646 1900544
25 0 2963 4798 1900544
33 184 2963 4574 1900544
1 29 2963 4259 1900544
2 26 2962 3673 1900544
35 148 2961 6965 1900544
1 170 2961 4983 1900544
2 40 2961 4170 1900544
25 119 2960 3211 1900544
0 82 2959 6529 1900544
30 85 2959 3113 1900544
24 43 2958 3669 1900544
29 9 2958 3612 1900544
26 112 2958 3507 1900544
6 173 2958 3469 1900544
22 120 2958 3288 1900544
7 176 2956 3859 1900544
12 145 2955 11289 1900544
30 193 2955 4323 1900544
16 162 2954 4387 1900544
1 171 2954 4101 1900544
28 78 2954 3582 1900544
2 153 2953 8367 1900544
0 247 2953 4652 1900544
25 26 2953 3494 1900544
0 173 2951 5550 1900544
18 55 2951 3914 1900544
24 208 2951 3672 1900544
16 53 2950 3579 1900544
9 228 2950 3377 1900544
24 126 2949 4114 1900544
31 144 2949 3471 1900544
8 89 2948 3394 1900544
23 22 2947 3462 1900544
3 97 2946 3338 1900544
5 235 2944 3799 1900544
2 236 2944 3790 1900544
1 190 2943 4786 1900544
6 157 2943 4687 1900544
24 115 2943 3465 1900544
27 79 2943 3356 1900544
30 15 2942 4972 1900544
27 97 2942 4401 1900544
33 32 2942 4245 1900544
23 96 2941 3142 1900544
23 202 2940 4008 1900544
0 212 2940 3978 1900544
30 75 2939 3167 1900544
9 240 2938 3358 1900544
38 139 2938 3273 2039808
12 184 2937 3499 1900544
7 142 2936 6022 1900544
28 144 2936 4185 1900544
3 153 2936 4005 1900544
0 155 2935 4863 1900544
27 130 2935 3853 1900544
25 132 2935 3523 1900544
23 41 2935 3093 1900544
4 219 2934 4347 1900544
28 89 2934 3783 1900544
14 190 2933 4007 1900544
25 138 2932 7415 1900544
34 93 2932 3668 2039808
3 3 2932 3472 1900544
32 66 2930 8028 1900544
11 116 2930 5129 1900544
2 246 2930 3543 1900544
34 202 2928 6200 2039808
0 146 2927 4484 1900544
29 10 2927 4438 1900544
31 23 2926 5260 1900544
16 35 2926 5210 1900544
0 239 2926 4176 1900544
17 57 2925 4206 1900544
31 234 2925 3495 1900544
19 204 2925 3207 1900544
23 145 2924 6196 1900544
23 254 2923 3998 1900544
37 88 2922 4794 1900544
1 126 2921 3503 1900544
4 44 2919 6943 1900544
26 97 2919 3457 1900544
2 22 2917 4420 1900544
5 99 2917 3622 1900544
0 222 2916 4686 1900544
6 195 2916 4587 1900544
2 32 2916 4168 1900544
3 33 2916 3685 1900544
25 115 2915 3151 1900544
27 95 2914 3719 1900544
10 109 2912 3450 1900544
38 50 2912 3416 2039808
38 144 2912 3380 2039808
10 133 2911 4312 1900544
16 196 2911 3616 1900544
31 148 2911 3487 1900544
5 68 2911 3261 1900544
10 163 2910 6203 1900544
2 193 2910 4806 1900544
21 63 2910 3254 1900544
37 219 2909 10305 1900544
1 232 2909 4345 1900544
19 51 2909 3774 1900544
32 143 2908 3447 1900544
32 96 2908 3058 1900544
37 220 2907 5915 1900544
22 111 2906 5794 1900544
35 239 2906 4667 1900544
2 251 2905 3368 1900544
0 236 2904 5075 1900544
37 105 2903 4148 1900544
24 16 2902 6384 1900544
3 65 2902 3180 1900544
0 188 2901 6176 1900544
0 13 2901 5492 1900544
32 150 2901 5349 1900544
17 91 2901 4736 1900544
9 126 2901 4709 1900544
17 19 2901 3697 1900544
2 156 2901 3358 1900544
0 132 2899 5276 1900544
6 137 2899 3477 1900544
23 164 2897 3393 1900544
2 115 2896 3868 1900544
11 149 2896 3129 1900544
18 130 2895 3357 1900544
23 4 2895 3146 1900544
34 44 2894 7779 2039808
30 44 2894 7002 1900544
15 6 2894 4910 1900544
37 27 2893 7086 1900544
36 39 2893 6152 1900544
36 203 2892 4500 1900544
3 138 2892 3484 1900544
0 144 2891 6554 1900544
39 72 2891 5942 2039808
0 180 2891 4734 1900544
0 60 2891 3543 1900544
5 47 2891 3095 1900544
2 63 2890 3441 1900544
34 19 2889 4444 2039808
1 202 2889 3496 1900544
1 35 2889 3301 1900544
29 106 2889 3227 1900544
38 150 2889 3207 2039808
39 198 2889 3101 2039808
30 123 2888 3725 1900544
15 117 2888 3276 1900544
32 247 2887 4979 1900544
28 170 2886 5951 1900544
28 247 2886 4302 1900544
32 210 2886 3139 1900544
3 15 2885 4539 1900544
1 173 2885 4297 1900544
3 98 2885 3615 1900544
1 145 2883 3400 1900544
39 226 2883 3203 2039808
13 66 2881 5978 1900544
35 11 2880 4295 1900544
26 229 2880 3505 1900544
34 163 2880 3434 2039808
1 240 2880 3429 1900544
17 241 2879 8365 1900544
15 172 2879 4918 1900544
3 132 2879 3723 1900544
22 191 2879 3159 1900544
2 227 2879 3113 1900544
14 31 2879 3095 1900544
18 195 2878 5755 1900544
32 170 2877 4607 1900544
39 122 2877 3185 2039808
2 23 2876 4178 1900544
13 171 2876 4084 1900544
32 52 2876 3923 1900544
21 96 2876 3463 1900544
14 140 2875 3873 1900544
38 93 2875 3681 2039808
4 181 2875 3260 1900544
21 184 2875 2995 1900544
25 197 2874 4216 1900544
38 234 2873 5934 2039808
17 247 2873 5918 1900544
11 74 2873 3498 1900544
23 133 2872 3585 1900544
15 45 2872 3541 1900544
23 158 2871 4178 1900544
3 35 2871 3999 1900544
9 96 2871 3759 1900544
25 161 2871 3408 1900544
22 137 2870 3389 1900544
17 225 2870 3327 1900544
34 54 2868 6608 2039808
2 235 2868 4321 1900544
3 237 2868 4048 1900544
1 243 2867 3565 1900544
2 197 2866 3280 1900544
32 22 2866 3248 1900544
15 187 2866 3111 1900544
29 64 2865 9855 1900544
3 117 2865 4684 1900544
25 242 2865 3281 1900544
14 211 2865 3129 1900544
1 104 2864 3994 1900544
4 21 2864 3325 1900544
2 150 2862 7697 1900544
33 36 2862 6144 1900544
36 129 2862 4272 1900544
27 117 2862 3426 1900544
11 237 2860 4318 1900544
27 240 2860 3390 1900544
13 6 2860 2957 1900544
22 234 2859 5306 1900544
7 221 2857 3694 1900544
23 89 2856 4072 1900544
29 155 2855 5074 1900544
32 206 2855 4187 1900544
2 200 2854 3689 1900544
10 79 2854 3496 1900544
1 144 2854 3464 1900544
9 77 2854 3158 1900544
2 25 2853 4462 1900544
0 59 2852 3560 1900544
36 49 2851 4273 1900544
19 201 2850 6264 1900544
27 29 2850 4765 1900544
22 167 2849 3285 1900544
36 124 2849 3236 1900544
4 108 2848 8675 1900544
28 28 2848 7115 1900544
26 67 2848 4418 1900544
21 88 2848 3216 1900544
0 65 2847 4995 1900544
2 2 2847 4384 1900544
11 215 2845 3203 1900544
12 13 2844 6988 1900544
8 47 2844 3202 1900544
39 238 2843 4142 2039808
16 252 2842 10108 1900544
0 128 2842 4386 1900544
20 224 2840 9653 1900544
9 255 2840 8154 1900544
1 207 2839 5751 1900544
18 113 2839 3925 1900544
17 99 2839 3622 1900544
3 75 2839 3370 1900544
33 49 2838 3788 1900544
2 176 2838 3217 1900544
32 179 2837 6243 1900544
0 56 2837 6085 1900544
6 230 2837 4789 1900544
13 112 2837 4182 1900544
23 17 2837 3506 1900544
2 106 2836 7410 1900544
5 213 2836 5992 1900544
38 241 2836 3583 2039808
39 164 2836 2962 2039808
33 205 2835 3090 1900544
11 130 2834 5769 1900544
14 97 2833 3159 1900544
22 100 2833 2963 1900544
0 241 2832 5075 1900544
28 116 2832 4426 1900544
18 174 2832 3770 1900544
0 116 2831 3902 1900544
27 154 2830 4379 1900544
16 59 2830 3480 1900544
37 3 2829 4058 1900544
39 173 2829 3213 2039808
2 164 2828 5701 1900544
3 103 2827 3052 1900544
19 247 2826 3630 1900544
1 252 2826 3366 1900544
27 153 2825 5378 1900544
22 0 2825 5328 1900544
14 64 2824 6873 1900544
15 99 2824 3274 1900544
5 236 2823 5536 1900544
25 234 2823 3089 1900544
33 117 2822 4742 1900544
17 35 2821 5762 1900544
35 39 2821 3824 1900544
0 107 2819 6839 1900544
15 97 2819 4886 1900544
3 204 2819 3338 1900544
23 15 2818 5042 1900544
11 195 2818 3964 1900544
21 255 2817 6278 1900544
19 47 2817 3522 1900544
3 100 2816 4133 1900544
36 23 2815 6158 1900544
9 120 2815 5415 1900544
14 28 2815 4219 1900544
13 138 2815 4175 1900544
6 57 2815 4073 1900544
4 215 2815 3465 1900544
31 138 2815 3183 1900544
35 7 2814 4631 1900544
23 156 2814 3789 1900544
18 75 2814 3343 1900544
38 37 2814 3152 2039808
33 231 2813 4028 1900544
1 80 2813 3738 1900544
24 214 2812 3819 1900544
29 165 2812 3269 1900544
25 139 2812 3057 1900544
28 16 2812 2900 1900544
13 194 2811 4493 1900544
17 198 2811 4487 1900544
7 61 2811 4224 1900544
21 112 2811 3454 1900544
12 50 2810 5040 1900544
10 36 2810 3271 1900544
25 222 2809 3339 1900544
29 104 2809 3074 1900544
28 63 2808 4698 1900544
0 122 2808 3599 1900544
35 244 2807 4016 1900544
24 6 2807 3307 1900544
3 254 2807 3224 1900544
32 205 2806 3929 1900544
4 72 2806 3203 1900544
0 165 2804 3847 1900544
5 31 2803 3799 1900544
0 51 2803 3649 1900544
2 229 2803 3410 1900544
32 173 2803 3127 1900544
10 70 2802 6574 1900544
26 32 2802 4980 1900544
13 205 2802 4899 1900544
38 184 2802 3090 2039808
37 245 2802 3066 1900544
34 241 2801 4135 2039808
16 138 2800 3112 1900544
30 219 2799 3057 1900544
38 134 2798 3529 2039808
8 120 2798 3440 1900544
3 123 2798 3332 1900544
20 139 2798 3305 1900544
13 3 2797 5791 1900544
24 87 2796 3583 1900544
31 183 2796 3138 1900544
30 34 2795 5033 1900544
0 214 2795 3501 1900544
2 11 2794 9558 1900544
30 172 2794 3814 1900544
3 56 2792 5469 1900544
24 67 2792 4382 1900544
30 209 2791 5392 1900544
39 34 2791 4662 2039808
11 140 2791 3263 1900544
1 28 2790 3898 1900544
36 31 2789 3624 1900544
19 26 2788 11334 1900544
0 96 2788 5661 1900544
2 31 2788 3774 1900544
27 187 2788 3257 1900544
5 79 2787 5832 1900544
3 53 2787 3738 1900544
1 6 2787 3532 1900544
35 135 2786 4663 1900544
13 64 2786 2996 1900544
1 23 2785 3692 1900544
23 194 2784 5294 1900544
2 171 2784 3174 1900544
23 47 2783 6580 1900544
14 88 2783 3878 1900544
37 166 2783 3401 1900544
34 20 2783 3095 2039808
39 63 2782 3757 2039808
12 232 2782 3553 1900544
22 175 2781 3098 1900544
30 233 2779 4383 1900544
35 64 2779 4198 1900544
36 199 2779 3202 1900544
23 16 2778 3523 1900544
22 150 2777 4974 1900544
3 30 2777 4698 1900544
6 19 2777 4032 1900544
7 38 2776 6654 1900544
2 15 2776 4263 1900544
3 124 2776 3068 1900544
2 201 2775 3873 1900544
2 74 2775 3298 1900544
36 85 2775 3039 1900544
7 131 2773 4610 1900544
25 70 2772 3714 1900544
24 119 2772 3530 1900544
30 192 2771 4657 1900544
35 119 2771 3937 1900544
10 211 2771 3757 1900544
36 1 2771 3321 1900544
22 65 2770 11559 1900544
29 20 2770 9268 1900544
6 149 2770 6095 1900544
0 104 2770 3973 1900544
33 147 2770 3725 1900544
1 12 2770 3374 1900544
21 203 2769 5485 1900544
39 213 2769 4996 2039808
1 5 2768 3980 1900544
2 140 2768 3116 1900544
13 108 2767 12670 1900544
28 203 2767 3749 1900544
1 135 2767 3448 1900544
11 93 2766 4559 1900544
3 160 2766 3266 1900544
4 7 2766 2974 1900544
25 236 2766 2879 1900544
12 20 2765 3998 1900544
3 26 2765 3498 1900544
0 117 2764 5703 1900544
33 52 2764 4234 1900544
34 141 2764 3563 2039808
28 126 2764 3285 1900544
38 17 2764 3069 2039808
26 197 2764 3007 1900544
37 160 2763 3462 1900544
19 150 2763 2925 1900544
37 130 2762 3103 1900544
0 192 2761 4987 1900544
2 169 2760 4874 1900544
35 139 2759 4439 1900544
18 63 2759 3740 1900544
21 72 2759 3284 1900544
20 50 2758 6987 1900544
3 214 2758 5740 1900544
15 120 2758 3851 1900544
33 253 2758 3254 1900544
23 106 2757 4971 1900544
34 113 2756 4029 2039808
1 61 2756 3186 1900544
12 0 2755 3440 1900544
38 109 2754 3873 2039808
1 64 2754 3361 1900544
1 68 2754 3199 1900544
22 78 2754 3013 1900544
24 184 2754 3012 1900544
5 65 2753 11329 1900544
4 98 2753 6954 1900544
3 228 2752 3636 1900544
24 85 2751 3180 1900544
34 6 2750 3798 2039808
16 75 2750 3639 1900544
11 203 2750 3338 1900544
39 21 2749 3530 2039808
23 243 2749 3345 1900544
3 217 2749 3169 1900544
0 79 2748 5257 1900544
10 78 2747 3374 1900544
21 210 2747 3166 1900544
27 204 2746 13055 1900544
27 28 2746 5018 1900544
6 204 2746 4535 1900544
26 191 2745 2952 1900544
0 191 2744 4560 1900544
4 185 2744 4038 1900544
36 143 2744 3203 1900544
33 151 2743 5445 1900544
26 6 2743 3848 1900544
1 83 2743 3199 1900544
0 206 2742 5264 1900544
37 89 2742 4172 1900544
8 63 2742 4043 1900544
36 60 2742 3941 1900544
1 7 2741 3196 1900544
18 199 2740 4007 1900544
4 240 2740 3577 1900544
3 143 2740 3173 1900544
3 129 2739 4644 1900544
9 221 2738 6470 1900544
8 220 2737 4792 1900544
15 85 2737 3642 1900544
36 98 2737 3411 1900544
32 125 2734 2998 1900544
21 246 2734 2962 1900544
2 82 2734 2957 1900544
21 119 2732 3708 1900544
6 110 2732 2916 1900544
26 88 2731 7313 1900544
6 114 2731 4910 1900544
3 240 2731 3469 1900544
27 34 2731 3257 1900544
38 243 2731 3163 2039808
27 48 2731 2950 1900544
13 61 2730 3888 1900544
4 239 2729 4149 1900544
6 122 2729 3877 1900544
23 143 2727 3325 1900544
22 226 2726 6014 1900544
5 169 2726 4787 1900544
4 12 2726 4137 1900544
12 67 2725 5635 1900544
22 173 2725 4116 1900544
2 175 2725 3590 1900544
14 213 2725 3125 1900544
2 0 2724 3000 1900544
22 62 2724 2875 1900544
13 240 2723 3927 1900544
1 52 2723 3181 1900544
20 38 2722 3192 1900544
1 72 2722 3030 1900544
27 233 2721 4352 1900544
2 72 2720 3266 1900544
0 197 2719 5093 1900544
2 119 2719 4019 1900544
30 195 2719 3623 1900544
30 66 2719 3178 1900544
25 189 2718 3487 1900544
14 177 2718 2985 1900544
5 64 2717 5237 1900544
23 160 2716 7382 1900544
19 60 2716 3944 1900544
28 98 2715 6240 1900544
30 97 2715 4314 1900544
31 87 2715 3728 1900544
16 51 2714 5531 1900544
3 164 2714 3583 1900544
25 71 2713 3600 1900544
14 142 2712 3229 1900544
31 50 2712 3220 1900544
0 240 2711 3737 1900544
1 137 2711 3158 1900544
1 90 2711 3082 1900544
39 136 2711 2857 2039808
4 192 2710 5969 1900544
3 238 2710 3052 1900544
36 252 2710 2935 1900544
5 249 2709 4858 1900544
23 215 2709 2829 1900544
1 60 2708 3114 1900544
33 4 2708 3040 1900544
6 208 2708 3020 1900544
3 191 2707 3924 1900544
11 58 2707 3564 1900544
2 154 2706 3113 1900544
35 209 2705 3186 1900544
36 22 2705 3070 1900544
0 41 2704 5568 1900544
23 213 2704 3426 1900544
2 112 2702 3176 1900544
39 145 2701 6079 2039808
3 41 2701 5436 1900544
21 171 2701 4054 1900544
29 88 2700 5785 1900544
0 157 2700 4113 1900544
15 108 2700 3032 1900544
11 145 2699 6431 1900544
0 35 2699 4327 1900544
39 39 2699 3193 2039808
4 129 2698 8236 1900544
28 26 2698 3892 1900544
33 164 2697 4054 1900544
5 200 2697 3578 1900544
21 198 2695 3860 1900544
39 115 2695 2901 2039808
38 222 2694 3392 2039808
13 71 2694 2913 1900544
21 22 2691 4429 1900544
0 153 2691 3623 1900544
3 167 2690 7093 1900544
0 226 2690 5973 1900544
2 130 2690 3151 1900544
1 180 2690 3150 1900544
1 164 2689 3169 1900544
34 185 2689 2922 2039808
34 90 2688 5203 2039808
29 78 2688 3853 1900544
23 58 2688 3162 1900544
39 113 2688 2932 2039808
34 204 2687 4135 2039808
1 199 2687 3325 1900544
28 66 2687 3057 1900544
3 135 2687 2906 1900544
35 240 2686 3192 1900544
28 185 2685 4245 1900544
14 203 2685 3375 1900544
24 218 2685 3166 1900544
13 142 2685 2942 1900544
5 143 2684 3431 1900544
14 107 2684 3315 1900544
2 28 2684 3240 1900544
6 167 2682 6356 1900544
0 135 2682 4784 1900544
0 139 2682 4129 1900544
14 229 2682 3709 1900544
23 87 2682 3094 1900544
2 185 2681 3543 1900544
27 61 2681 3091 1900544
2 136 2680 3007 1900544
26 217 2680 2981 1900544
16 194 2679 7318 1900544
11 3 2679 5543 1900544
39 95 2679 3195 2039808
30 112 2677 2982 1900544
21 215 2676 3307 1900544
