# Ranked static MoE experts: layer expert miss_count access_count bytes
# budget_mib=2048 selected=1116 selected_mib=2046.39 trace_avoidable_mib=8249861.88
39 110 7424 8793 2039808
39 38 6877 10163 2039808
37 65 6855 8946 1900544
39 2 6829 8296 2039808
37 182 6691 11222 1900544
37 104 6690 9569 1900544
38 88 6479 7568 2039808
39 154 6416 10953 2039808
33 126 6224 7148 1900544
39 69 6190 9767 2039808
22 198 6168 9870 1900544
26 20 6119 7563 1900544
21 164 6092 7769 1900544
26 148 6083 7087 1900544
31 154 6067 8501 1900544
17 250 5997 7141 1900544
39 10 5990 6961 2039808
24 74 5988 7946 1900544
9 164 5983 8050 1900544
35 57 5971 10503 1900544
35 191 5910 8507 1900544
32 98 5907 6472 1900544
33 95 5876 8998 1900544
38 27 5872 7349 2039808
39 243 5867 7015 2039808
28 74 5846 9961 1900544
29 0 5733 10076 1900544
33 189 5728 8162 1900544
38 71 5718 8678 2039808
32 181 5712 7571 1900544
38 87 5708 7130 2039808
13 147 5684 7442 1900544
31 116 5653 9529 1900544
6 68 5651 8138 1900544
18 0 5636 6863 1900544
30 163 5630 10507 1900544
33 93 5602 9469 1900544
34 96 5580 7446 2039808
35 72 5577 10201 1900544
33 75 5577 8041 1900544
38 43 5566 6402 2039808
37 39 5559 9787 1900544
38 148 5557 9112 2039808
35 42 5556 10871 1900544
36 70 5553 10040 1900544
35 174 5548 11252 1900544
35 203 5546 7566 1900544
29 150 5536 10470 1900544
32 33 5523 7382 1900544
38 151 5472 10152 2039808
32 119 5466 9019 1900544
38 132 5458 6367 2039808
33 92 5450 9302 1900544
29 76 5443 6298 1900544
36 20 5437 10874 1900544
22 113 5405 6177 1900544
38 136 5390 7171 2039808
39 235 5372 8771 2039808
23 86 5367 8725 1900544
33 129 5345 7436 1900544
12 74 5342 8639 1900544
37 233 5323 8691 1900544
34 82 5322 7105 2039808
36 120 5312 9409 1900544
33 5 5311 7034 1900544
39 248 5309 6464 2039808
32 112 5292 10470 1900544
39 78 5291 6825 2039808
5 193 5288 6803 1900544
17 0 5287 8813 1900544
16 74 5285 8023 1900544
34 26 5275 10699 2039808
18 179 5271 6312 1900544
35 224 5245 7588 1900544
30 179 5244 6772 1900544
34 16 5242 6853 2039808
39 189 5236 6464 2039808
16 43 5230 8448 1900544
39 162 5222 7456 2039808
34 84 5214 5603 2039808
36 125 5202 6689 1900544
22 169 5202 6151 1900544
33 161 5186 6086 1900544
35 136 5185 5913 1900544
36 181 5174 7044 1900544
9 29 5165 7433 1900544
18 163 5155 10515 1900544
36 75 5146 8862 1900544
19 116 5135 8810 1900544
29 250 5134 6250 1900544
29 87 5131 9807 1900544
33 43 5118 9097 1900544
36 255 5118 7292 1900544
2 219 5083 10119 1900544
34 49 5045 7001 2039808
22 125 5036 10060 1900544
34 217 5027 7050 2039808
27 23 5027 5616 1900544
23 189 5021 5915 1900544
11 86 5019 7136 1900544
37 165 5011 9443 1900544
27 200 5004 5419 1900544
34 252 5002 7327 2039808
14 148 4999 6542 1900544
36 110 4994 9116 1900544
39 22 4994 6873 2039808
36 83 4977 9729 1900544
33 201 4973 6369 1900544
37 72 4972 10476 1900544
33 192 4969 7227 1900544
38 61 4968 5734 2039808
29 26 4962 7391 1900544
32 252 4957 7713 1900544
36 48 4952 5749 1900544
25 103 4949 6288 1900544
31 237 4946 6529 1900544
38 143 4945 8462 2039808
31 20 4936 11080 1900544
11 42 4936 10531 1900544
6 60 4936 7090 1900544
21 29 4936 5886 1900544
23 161 4923 5155 1900544
37 31 4918 6329 1900544
38 124 4917 5689 2039808
37 196 4915 6692 1900544
39 12 4914 5399 2039808
10 169 4912 7641 1900544
24 93 4904 8855 1900544
33 179 4903 6315 1900544
2 109 4900 7000 1900544
12 93 4888 9331 1900544
38 103 4887 6798 2039808
13 134 4886 9265 1900544
11 27 4869 6390 1900544
11 189 4865 7188 1900544
34 85 4857 9343 2039808
27 185 4857 7901 1900544
28 43 4850 7681 1900544
38 64 4850 6899 2039808
35 44 4847 6174 1900544
38 185 4836 5356 2039808
9 239 4830 7223 1900544
30 0 4830 5430 1900544
36 192 4827 8028 1900544
38 120 4826 9369 2039808
34 182 4824 5785 2039808
28 133 4824 5220 1900544
34 15 4821 5053 2039808
33 133 4820 6250 1900544
20 175 4814 8730 1900544
34 195 4807 5635 2039808
25 147 4804 5784 1900544
2 255 4803 5806 1900544
39 37 4798 5090 2039808
4 236 4785 5619 1900544
39 85 4781 7913 2039808
3 133 4780 5718 1900544
10 198 4772 9928 1900544
33 37 4760 7144 1900544
32 85 4743 7018 1900544
39 165 4743 5269 2039808
11 206 4739 10011 1900544
23 27 4736 5429 1900544
21 2 4733 9338 1900544
39 107 4728 5268 2039808
34 81 4725 5471 2039808
39 222 4723 7291 2039808
33 56 4720 6494 1900544
0 7 4720 5916 1900544
27 191 4717 5946 1900544
22 160 4716 11789 1900544
39 44 4715 6010 2039808
39 127 4713 5283 2039808
38 254 4711 6908 2039808
34 11 4709 6271 2039808
37 190 4701 8852 1900544
27 87 4696 8969 1900544
39 224 4683 5837 2039808
37 169 4683 5767 1900544
30 174 4678 7608 1900544
32 2 4678 6925 1900544
34 212 4671 7470 2039808
25 20 4664 6361 1900544
15 81 4659 5297 1900544
33 198 4650 5123 1900544
32 92 4649 6829 1900544
10 243 4641 9611 1900544
23 188 4632 5788 1900544
32 162 4632 5368 1900544
35 132 4630 5399 1900544
34 255 4629 7543 2039808
38 0 4616 5431 2039808
32 195 4608 7033 1900544
31 99 4608 5807 1900544
23 19 4607 6691 1900544
35 210 4597 5066 1900544
16 5 4596 5570 1900544
38 92 4595 7049 2039808
39 75 4589 6034 2039808
0 115 4577 9889 1900544
31 219 4577 5274 1900544
39 246 4571 6825 2039808
33 234 4566 5449 1900544
14 191 4559 5649 1900544
11 19 4555 7179 1900544
26 103 4554 9535 1900544
37 244 4554 5358 1900544
36 234 4552 7432 1900544
24 63 4549 6067 1900544
33 103 4547 5544 1900544
2 93 4547 5356 1900544
36 126 4542 5311 1900544
28 210 4541 6378 1900544
21 191 4529 8254 1900544
4 102 4528 7760 1900544
31 109 4525 6616 1900544
6 153 4518 7726 1900544
4 95 4515 5371 1900544
7 195 4513 5800 1900544
30 55 4511 6212 1900544
34 5 4511 5557 2039808
1 244 4511 5245 1900544
17 76 4511 5122 1900544
0 229 4504 6694 1900544
33 210 4498 6264 1900544
37 164 4497 6119 1900544
38 146 4495 7968 2039808
9 2 4494 8696 1900544
34 207 4488 5493 2039808
33 183 4485 5497 1900544
32 90 4480 8732 1900544
39 251 4480 5406 2039808
32 89 4473 6075 1900544
35 180 4473 5326 1900544
0 105 4472 6497 1900544
4 13 4472 5995 1900544
9 191 4470 8189 1900544
33 132 4469 5904 1900544
33 97 4462 7504 1900544
38 35 4461 5124 2039808
39 96 4458 5789 2039808
38 195 4455 5723 2039808
3 187 4454 5201 1900544
34 132 4431 8525 2039808
32 53 4431 6464 1900544
36 222 4431 6350 1900544
25 61 4431 6000 1900544
5 159 4430 5953 1900544
4 222 4429 7736 1900544
15 200 4429 5086 1900544
23 85 4428 5942 1900544
4 128 4424 5019 1900544
39 98 4423 5644 2039808
17 26 4422 6602 1900544
33 18 4418 5736 1900544
38 249 4417 8036 2039808
33 102 4416 6187 1900544
37 162 4406 5780 1900544
39 129 4400 6105 2039808
10 185 4398 10368 1900544
33 83 4397 7645 1900544
32 42 4391 4898 1900544
23 136 4387 5661 1900544
30 99 4386 8266 1900544
25 164 4384 6447 1900544
1 225 4380 5172 1900544
39 117 4380 4777 2039808
35 77 4378 4969 1900544
36 253 4377 6802 1900544
0 196 4376 6051 1900544
7 64 4374 6240 1900544
2 210 4373 6604 1900544
30 6 4372 6305 1900544
34 249 4372 6128 2039808
24 44 4372 5319 1900544
30 108 4372 4887 1900544
28 229 4368 8524 1900544
28 88 4367 5009 1900544
36 37 4367 4862 1900544
34 227 4365 5911 2039808
23 36 4361 5832 1900544
39 1 4359 6900 2039808
32 160 4355 5971 1900544
31 163 4354 5055 1900544
39 77 4353 5791 2039808
36 93 4353 4972 1900544
21 116 4352 5834 1900544
35 114 4350 5644 1900544
1 231 4349 6324 1900544
1 97 4348 7738 1900544
18 128 4348 6126 1900544
37 145 4346 5850 1900544
16 229 4343 8873 1900544
2 60 4337 9340 1900544
32 146 4336 7682 1900544
9 156 4335 6114 1900544
38 8 4333 6135 2039808
6 254 4332 7115 1900544
38 236 4331 5029 2039808
37 58 4327 6605 1900544
35 22 4326 6570 1900544
18 57 4325 7304 1900544
18 134 4324 6188 1900544
12 63 4322 6161 1900544
25 134 4321 8640 1900544
21 239 4318 6186 1900544
39 186 4318 5692 2039808
33 214 4311 6418 1900544
14 147 4310 5245 1900544
33 23 4309 6376 1900544
11 161 4308 4675 1900544
32 17 4306 6662 1900544
15 87 4303 8504 1900544
32 120 4301 5512 1900544
35 43 4298 7119 1900544
34 88 4295 4730 2039808
20 239 4293 7361 1900544
30 239 4293 5926 1900544
30 130 4292 4698 1900544
27 248 4289 5861 1900544
37 56 4284 5312 1900544
37 126 4283 6655 1900544
6 183 4280 5602 1900544
23 206 4279 9395 1900544
2 4 4279 5546 1900544
37 175 4276 8154 1900544
33 84 4274 5164 1900544
30 159 4274 4617 1900544
39 16 4270 8501 2039808
35 106 4269 4975 1900544
0 235 4268 7653 1900544
30 141 4259 4508 1900544
36 21 4253 5159 1900544
38 22 4250 6851 2039808
31 204 4246 4998 1900544
34 72 4245 8109 2039808
32 134 4243 6708 1900544
32 209 4243 5153 1900544
1 86 4242 7213 1900544
26 59 4239 5368 1900544
38 182 4239 4724 2039808
34 63 4236 8607 2039808
2 10 4234 5426 1900544
34 94 4233 6307 2039808
30 128 4232 5111 1900544
37 61 4231 5377 1900544
36 138 4227 4886 1900544
30 71 4221 5411 1900544
37 158 4220 5347 1900544
1 19 4219 8680 1900544
39 231 4219 7195 2039808
33 86 4219 6112 1900544
33 190 4217 5097 1900544
34 12 4214 5126 2039808
38 177 4213 4905 2039808
23 92 4209 4865 1900544
2 17 4208 5300 1900544
34 166 4206 6303 2039808
4 142 4205 9441 1900544
19 167 4205 7207 1900544
36 73 4200 10190 1900544
13 33 4200 5699 1900544
39 163 4193 4828 2039808
20 234 4192 5196 1900544
38 149 4190 4789 2039808
7 117 4186 8175 1900544
9 217 4185 5408 1900544
0 216 4184 6863 1900544
19 20 4179 10818 1900544
27 255 4178 5447 1900544
34 91 4176 5888 2039808
22 36 4175 6346 1900544
15 191 4168 5666 1900544
38 169 4168 5475 2039808
33 220 4166 5311 1900544
3 152 4162 4580 1900544
37 214 4160 5253 1900544
1 214 4159 5885 1900544
27 65 4158 4470 1900544
31 26 4154 7066 1900544
15 116 4154 5069 1900544
28 10 4151 4602 1900544
32 109 4150 5928 1900544
39 217 4141 5370 2039808
26 57 4139 4374 1900544
33 206 4135 5377 1900544
30 13 4131 5893 1900544
36 228 4128 4999 1900544
16 156 4117 4783 1900544
39 241 4114 6389 2039808
33 11 4113 6921 1900544
35 185 4112 6769 1900544
4 20 4112 5808 1900544
21 178 4111 5319 1900544
33 181 4108 6751 1900544
25 43 4106 5610 1900544
2 100 4102 4330 1900544
33 244 4100 4970 1900544
34 208 4098 5246 2039808
38 18 4097 5625 2039808
29 126 4097 4721 1900544
21 132 4094 5635 1900544
32 123 4092 8670 1900544
31 51 4090 4991 1900544
2 187 4089 5601 1900544
5 104 4084 6080 1900544
2 145 4078 4686 1900544
39 99 4077 5074 2039808
2 5 4074 5712 1900544
3 116 4072 5597 1900544
32 144 4072 5532 1900544
37 8 4066 4930 1900544
20 33 4065 4657 1900544
39 228 4063 5971 2039808
11 39 4060 5788 1900544
33 182 4060 4497 1900544
33 105 4058 4496 1900544
24 26 4053 5197 1900544
1 27 4050 6254 1900544
10 176 4048 5389 1900544
32 60 4048 4945 1900544
35 8 4047 4444 1900544
11 12 4046 6186 1900544
9 116 4044 5999 1900544
31 205 4038 4953 1900544
4 244 4036 5054 1900544
33 59 4035 5056 1900544
16 88 4034 5875 1900544
33 156 4033 7706 1900544
23 108 4032 10891 1900544
31 36 4032 7083 1900544
34 18 4031 5002 2039808
2 59 4027 4852 1900544
17 5 4025 6341 1900544
9 178 4025 5500 1900544
36 207 4024 4499 1900544
22 23 4018 4734 1900544
36 55 4018 4368 1900544
39 66 4017 4537 2039808
0 141 4016 6047 1900544
19 237 4016 5434 1900544
2 123 4016 5309 1900544
37 62 4016 4840 1900544
5 186 4011 6549 1900544
32 221 4008 5302 1900544
29 171 4008 4215 1900544
37 101 4001 7045 1900544
17 110 3998 4604 1900544
30 134 3997 7049 1900544
3 17 3995 5022 1900544
23 128 3994 10875 1900544
36 26 3994 6855 1900544
30 250 3994 5437 1900544
33 121 3989 5156 1900544
10 125 3977 10311 1900544
36 201 3972 5746 1900544
39 177 3971 8077 2039808
21 156 3971 4877 1900544
39 142 3970 4197 2039808
10 113 3969 5617 1900544
29 218 3966 4975 1900544
25 182 3965 10419 1900544
39 134 3965 4405 2039808
20 159 3963 5128 1900544
2 80 3963 4769 1900544
4 15 3957 7060 1900544
28 14 3955 5460 1900544
0 47 3954 7535 1900544
9 39 3953 4593 1900544
32 113 3953 4375 1900544
34 196 3951 4297 2039808
4 184 3950 4346 1900544
3 235 3950 4276 1900544
30 89 3948 5136 1900544
2 87 3946 4840 1900544
31 167 3945 7205 1900544
13 43 3945 6235 1900544
2 103 3942 5133 1900544
37 92 3942 4440 1900544
14 20 3941 4094 1900544
33 217 3928 6628 1900544
22 68 3924 7050 1900544
10 23 3923 4272 1900544
3 188 3921 6157 1900544
24 101 3921 5994 1900544
33 54 3921 4642 1900544
32 76 3920 5819 1900544
17 87 3918 9099 1900544
38 190 3915 4382 2039808
24 151 3914 8505 1900544
39 230 3911 4913 2039808
30 116 3910 4895 1900544
33 176 3908 4779 1900544
29 247 3907 6654 1900544
31 166 3904 4934 1900544
1 132 3903 5280 1900544
39 120 3903 4584 2039808
1 167 3902 5833 1900544
23 153 3902 5652 1900544
30 32 3901 4067 1900544
5 127 3899 7022 1900544
16 10 3898 4140 1900544
2 77 3896 5424 1900544
15 82 3896 4211 1900544
7 29 3895 5893 1900544
18 6 3893 5584 1900544
28 230 3891 5208 1900544
34 161 3891 4560 2039808
39 197 3890 4552 2039808
35 97 3890 4502 1900544
34 251 3889 6281 2039808
21 148 3888 5088 1900544
36 14 3886 5947 1900544
33 139 3885 8299 1900544
22 176 3885 6510 1900544
26 92 3885 6202 1900544
0 249 3884 5424 1900544
6 133 3883 4762 1900544
12 151 3880 5217 1900544
0 158 3879 7148 1900544
1 34 3878 4856 1900544
2 125 3876 5462 1900544
32 58 3876 4599 1900544
26 142 3873 6473 1900544
17 119 3873 5841 1900544
33 238 3872 4553 1900544
3 105 3868 4694 1900544
26 12 3865 8216 1900544
23 64 3865 6869 1900544
10 157 3864 8789 1900544
2 90 3864 6031 1900544
39 25 3863 5401 2039808
35 176 3862 4550 1900544
5 147 3861 5863 1900544
12 44 3861 4432 1900544
37 135 3860 5440 1900544
39 23 3858 8554 2039808
8 99 3857 7082 1900544
21 206 3855 5159 1900544
30 61 3854 4376 1900544
39 68 3854 4316 2039808
20 112 3853 5729 1900544
32 224 3852 7843 1900544
32 78 3852 5048 1900544
2 121 3846 5639 1900544
30 18 3846 4538 1900544
37 50 3845 7938 1900544
11 85 3845 5387 1900544
13 103 3843 5465 1900544
37 138 3843 5369 1900544
4 131 3843 4867 1900544
13 182 3841 9646 1900544
33 63 3840 4681 1900544
14 50 3836 5748 1900544
38 168 3834 5198 2039808
32 127 3834 4261 1900544
21 228 3833 5904 1900544
34 186 3830 6430 2039808
33 108 3830 5623 1900544
0 208 3827 7618 1900544
3 211 3825 6058 1900544
35 121 3824 4388 1900544
24 242 3820 6871 1900544
15 248 3819 6039 1900544
8 175 3818 7039 1900544
4 14 3817 5178 1900544
6 22 3815 8892 1900544
4 161 3810 5425 1900544
0 6 3810 4698 1900544
2 108 3810 4444 1900544
28 107 3808 5468 1900544
19 130 3808 4552 1900544
26 124 3808 4549 1900544
34 116 3804 5082 2039808
34 213 3803 5673 2039808
23 178 3803 4826 1900544
34 180 3802 4536 2039808
27 165 3799 10208 1900544
5 205 3798 9321 1900544
2 198 3798 4835 1900544
0 101 3797 5742 1900544
8 234 3797 5181 1900544
16 107 3793 5278 1900544
24 53 3792 4895 1900544
13 164 3791 7247 1900544
0 66 3791 5999 1900544
5 41 3791 4094 1900544
32 28 3790 5909 1900544
26 244 3790 4199 1900544
9 94 3789 6236 1900544
21 126 3789 5711 1900544
32 75 3788 5209 1900544
31 55 3784 4871 1900544
4 79 3783 6090 1900544
18 161 3778 6065 1900544
3 87 3778 5593 1900544
32 14 3778 5369 1900544
34 205 3777 4296 2039808
11 36 3776 6151 1900544
21 180 3776 4449 1900544
26 215 3775 5218 1900544
23 80 3772 12846 1900544
14 103 3772 7629 1900544
3 171 3771 5352 1900544
36 19 3770 3981 1900544
32 117 3769 7469 1900544
39 190 3768 4521 2039808
33 167 3768 4260 1900544
29 164 3767 4512 1900544
34 1 3763 9018 2039808
36 44 3762 4333 1900544
21 217 3761 4075 1900544
32 26 3758 5364 1900544
22 24 3758 4658 1900544
10 130 3756 5973 1900544
27 225 3756 4912 1900544
1 191 3754 5899 1900544
29 49 3753 4623 1900544
23 174 3753 4450 1900544
34 175 3752 5794 2039808
33 0 3750 4541 1900544
19 163 3749 4490 1900544
2 188 3746 6504 1900544
34 74 3745 5375 2039808
21 19 3744 4699 1900544
33 107 3742 6077 1900544
0 205 3742 5509 1900544
39 91 3741 4320 2039808
25 108 3739 9652 1900544
7 223 3736 5005 1900544
34 97 3734 4298 2039808
21 39 3734 4048 1900544
38 191 3733 4925 2039808
34 128 3729 4896 2039808
35 86 3726 5478 1900544
2 81 3725 4389 1900544
33 68 3724 6002 1900544
39 13 3722 8108 2039808
2 88 3721 4952 1900544
2 58 3719 5872 1900544
29 5 3719 5606 1900544
33 41 3717 4113 1900544
1 92 3713 5082 1900544
36 2 3713 4187 1900544
36 148 3712 4089 1900544
0 106 3710 6647 1900544
27 35 3710 4878 1900544
27 150 3709 6407 1900544
16 245 3707 5482 1900544
3 118 3707 5046 1900544
8 33 3707 4839 1900544
23 39 3705 4967 1900544
39 166 3705 4089 2039808
32 48 3704 4611 1900544
32 116 3703 4192 1900544
24 153 3700 4228 1900544
20 127 3699 5029 1900544
3 231 3697 4166 1900544
2 94 3694 4825 1900544
4 74 3693 5196 1900544
1 157 3693 4855 1900544
3 84 3693 4232 1900544
38 156 3693 3969 2039808
11 136 3691 5194 1900544
1 189 3689 5549 1900544
35 196 3687 5212 1900544
38 79 3685 6062 2039808
11 108 3684 11114 1900544
17 172 3683 3951 1900544
0 32 3681 4957 1900544
34 108 3680 8135 2039808
36 24 3680 7794 1900544
35 225 3680 4347 1900544
2 92 3677 6848 1900544
1 209 3677 5711 1900544
2 139 3674 5116 1900544
20 157 3674 5066 1900544
37 109 3672 6325 1900544
8 159 3671 5460 1900544
1 250 3668 9672 1900544
5 71 3667 5827 1900544
10 161 3667 4475 1900544
29 241 3664 7115 1900544
22 109 3664 4204 1900544
20 11 3664 4049 1900544
34 92 3662 5019 2039808
17 211 3662 4363 1900544
39 250 3661 6997 2039808
25 33 3660 4113 1900544
16 190 3659 5715 1900544
12 26 3658 5036 1900544
13 118 3658 4476 1900544
31 121 3656 5673 1900544
1 89 3656 5212 1900544
0 57 3655 6159 1900544
36 45 3654 6757 1900544
34 80 3653 4451 2039808
37 123 3653 4413 1900544
3 59 3653 4310 1900544
21 6 3652 6145 1900544
4 254 3651 4873 1900544
38 52 3651 3931 2039808
24 68 3649 5883 1900544
23 18 3648 5879 1900544
19 12 3648 4715 1900544
2 1 3647 4928 1900544
27 82 3647 4020 1900544
38 252 3646 5062 2039808
2 65 3645 4679 1900544
36 251 3641 6146 1900544
1 44 3640 4821 1900544
30 43 3638 11345 1900544
8 239 3635 5556 1900544
36 152 3634 6258 1900544
2 95 3634 5466 1900544
3 219 3634 4944 1900544
32 178 3633 6375 1900544
24 216 3633 4513 1900544
26 149 3631 5244 1900544
1 182 3630 7391 1900544
3 85 3630 4679 1900544
21 113 3630 4560 1900544
29 160 3630 4538 1900544
0 10 3630 4426 1900544
29 37 3626 5201 1900544
15 65 3626 4533 1900544
4 88 3625 10431 1900544
4 156 3625 4677 1900544
21 209 3624 4097 1900544
35 49 3623 7024 1900544
31 247 3623 5912 1900544
35 94 3622 4660 1900544
3 236 3620 6340 1900544
6 21 3620 4256 1900544
38 251 3618 6620 2039808
23 62 3618 3896 1900544
27 242 3613 8458 1900544
39 215 3613 5785 2039808
13 19 3613 4967 1900544
1 9 3613 4804 1900544
37 43 3613 4324 1900544
36 134 3613 3927 1900544
32 194 3611 5066 1900544
11 178 3610 4798 1900544
29 62 3610 4195 1900544
36 136 3607 5072 1900544
38 233 3607 4536 2039808
16 133 3607 4072 1900544
3 246 3603 5097 1900544
28 138 3603 4277 1900544
14 30 3602 5697 1900544
15 241 3602 5144 1900544
3 216 3602 4766 1900544
2 172 3600 4956 1900544
31 194 3599 4432 1900544
2 163 3598 3910 1900544
31 199 3597 4593 1900544
2 162 3597 4447 1900544
15 58 3596 8338 1900544
25 192 3596 3894 1900544
19 30 3595 9204 1900544
30 201 3594 7776 1900544
25 240 3593 4574 1900544
2 182 3592 5601 1900544
28 201 3592 4494 1900544
32 99 3592 4416 1900544
18 201 3585 5955 1900544
36 246 3583 6504 1900544
27 229 3581 9221 1900544
30 126 3579 7976 1900544
1 187 3579 3985 1900544
2 29 3578 5126 1900544
25 202 3577 7046 1900544
26 196 3577 5668 1900544
15 103 3576 4738 1900544
1 223 3575 5171 1900544
3 51 3574 4115 1900544
30 94 3572 4803 1900544
1 134 3572 4295 1900544
3 255 3571 5425 1900544
31 191 3571 4277 1900544
36 186 3569 4672 1900544
2 128 3568 4099 1900544
7 203 3567 6618 1900544
16 151 3566 5044 1900544
28 151 3565 4571 1900544
28 91 3564 4097 1900544
32 192 3563 7417 1900544
10 88 3563 5641 1900544
24 0 3563 4228 1900544
2 8 3562 5370 1900544
28 105 3560 4793 1900544
31 221 3559 5097 1900544
1 63 3559 4363 1900544
27 46 3556 4986 1900544
30 170 3556 4834 1900544
26 50 3555 6212 1900544
18 141 3554 4095 1900544
17 86 3552 4321 1900544
23 51 3547 3941 1900544
2 167 3545 5359 1900544
38 123 3544 4145 2039808
12 160 3542 4636 1900544
35 5 3542 4107 1900544
30 237 3537 3818 1900544
25 101 3536 5265 1900544
2 159 3535 4690 1900544
0 43 3534 9153 1900544
1 79 3534 4533 1900544
28 166 3534 4395 1900544
30 197 3533 7522 1900544
12 166 3533 5306 1900544
35 160 3531 5537 1900544
22 242 3529 6496 1900544
1 251 3529 4648 1900544
0 67 3529 4366 1900544
22 231 3529 4211 1900544
29 25 3529 3957 1900544
38 163 3527 3910 2039808
13 20 3524 5086 1900544
35 95 3522 4477 1900544
38 9 3521 6661 2039808
4 92 3520 4459 1900544
19 195 3519 5306 1900544
31 37 3517 4441 1900544
21 194 3517 4311 1900544
36 142 3516 7217 1900544
22 162 3516 4896 1900544
12 191 3514 4622 1900544
3 121 3514 4002 1900544
2 221 3512 7190 1900544
3 92 3512 5256 1900544
35 85 3511 5619 1900544
25 221 3511 3977 1900544
28 149 3510 5575 1900544
24 39 3509 7092 1900544
3 226 3508 5254 1900544
1 81 3507 4928 1900544
27 116 3506 4734 1900544
3 244 3506 4570 1900544
2 252 3506 4106 1900544
2 189 3505 4508 1900544
35 117 3502 4054 1900544
10 24 3501 4953 1900544
29 110 3501 3766 1900544
29 36 3500 5623 1900544
3 31 3500 5259 1900544
33 47 3500 4441 1900544
1 124 3499 7012 1900544
39 92 3497 7243 2039808
30 63 3495 6370 1900544
1 62 3495 5052 1900544
16 14 3495 4012 1900544
32 238 3495 3794 1900544
20 99 3494 6340 1900544
24 167 3494 4941 1900544
4 23 3494 4420 1900544
3 230 3492 5799 1900544
3 70 3491 4667 1900544
22 243 3490 9874 1900544
2 179 3490 5559 1900544
39 106 3487 3725 2039808
12 106 3486 5601 1900544
19 207 3485 5610 1900544
0 81 3484 9743 1900544
24 144 3484 5914 1900544
36 245 3484 4145 1900544
39 179 3484 3649 2039808
19 154 3483 5747 1900544
9 132 3482 5496 1900544
30 180 3482 5486 1900544
2 191 3482 4096 1900544
2 146 3480 4359 1900544
2 107 3479 4842 1900544
35 84 3478 11493 1900544
11 135 3478 4918 1900544
12 101 3477 4673 1900544
27 103 3477 4401 1900544
24 124 3477 3753 1900544
29 96 3477 3654 1900544
15 46 3476 4518 1900544
23 114 3475 4785 1900544
39 9 3474 4898 2039808
35 153 3471 4171 1900544
1 119 3469 5195 1900544
30 199 3469 4716 1900544
14 230 3468 4272 1900544
34 133 3467 5250 2039808
1 95 3467 4623 1900544
15 225 3466 4438 1900544
5 90 3465 4301 1900544
36 159 3464 5587 1900544
17 164 3464 4263 1900544
26 211 3464 4033 1900544
1 82 3462 4339 1900544
3 137 3462 4276 1900544
22 163 3461 6054 1900544
3 20 3461 4899 1900544
3 169 3461 3841 1900544
23 209 3460 4750 1900544
11 20 3459 4560 1900544
3 158 3459 3752 1900544
4 250 3457 5392 1900544
28 61 3456 4835 1900544
38 197 3456 4323 2039808
7 123 3455 7346 1900544
27 172 3455 5682 1900544
26 17 3455 4128 1900544
27 183 3454 5394 1900544
3 184 3454 3875 1900544
29 172 3453 4126 1900544
32 248 3451 3795 1900544
0 111 3450 5420 1900544
16 152 3449 6276 1900544
1 85 3449 6123 1900544
2 84 3449 5400 1900544
1 49 3448 5829 1900544
35 27 3448 5115 1900544
0 127 3447 5688 1900544
0 120 3447 5378 1900544
14 196 3447 3920 1900544
3 233 3446 5964 1900544
20 121 3444 4480 1900544
0 198 3444 4400 1900544
29 86 3444 3644 1900544
15 48 3443 3886 1900544
1 26 3442 4168 1900544
39 201 3442 3836 2039808
26 226 3441 4624 1900544
22 9 3440 4937 1900544
15 217 3440 4451 1900544
2 173 3438 4239 1900544
35 9 3437 4103 1900544
8 4 3436 6071 1900544
3 108 3435 4430 1900544
31 130 3433 4319 1900544
2 238 3431 4680 1900544
39 146 3431 4546 2039808
18 108 3431 4083 1900544
2 13 3429 4589 1900544
19 44 3428 3671 1900544
33 94 3427 7548 1900544
22 157 3426 5769 1900544
13 155 3425 3592 1900544
39 100 3424 3799 2039808
0 39 3423 6246 1900544
22 161 3423 3774 1900544
39 209 3423 3702 2039808
4 149 3421 5896 1900544
32 199 3421 5682 1900544
39 219 3418 3912 2039808
2 57 3416 3827 1900544
31 201 3413 6173 1900544
0 83 3412 5604 1900544
0 250 3410 4255 1900544
39 83 3409 3553 2039808
0 209 3407 4489 1900544
24 221 3405 8992 1900544
17 115 3405 8069 1900544
0 123 3405 6452 1900544
1 221 3405 5082 1900544
34 164 3405 3683 2039808
0 223 3404 5545 1900544
22 17 3404 4665 1900544
32 175 3403 3724 1900544
3 91 3402 4685 1900544
1 154 3399 4679 1900544
1 73 3398 3698 1900544
11 92 3395 3903 1900544
29 119 3393 3755 1900544
0 112 3392 7035 1900544
3 46 3392 4006 1900544
36 165 3391 4481 1900544
20 83 3389 3719 1900544
18 217 3388 5383 1900544
37 156 3387 4125 1900544
4 172 3386 4212 1900544
0 50 3384 4650 1900544
14 32 3382 6874 1900544
24 62 3382 3881 1900544
38 63 3382 3645 2039808
24 20 3381 6487 1900544
0 113 3381 5409 1900544
27 31 3381 4354 1900544
30 69 3380 5873 1900544
1 40 3379 7326 1900544
26 147 3379 3716 1900544
23 220 3378 4203 1900544
28 252 3377 6913 1900544
4 67 3377 5541 1900544
8 216 3377 4200 1900544
19 109 3375 6401 1900544
2 133 3375 5037 1900544
25 104 3374 6267 1900544
33 137 3371 6700 1900544
3 157 3371 4651 1900544
23 93 3370 4861 1900544
9 198 3369 8062 1900544
34 187 3369 7621 2039808
39 158 3369 7600 2039808
0 142 3369 5261 1900544
29 112 3369 3565 1900544
28 162 3368 4592 1900544
24 24 3368 3669 1900544
30 161 3365 4708 1900544
27 247 3365 3886 1900544
34 240 3364 8240 2039808
26 171 3363 4206 1900544
30 203 3359 6101 1900544
32 186 3359 3818 1900544
37 16 3358 3861 1900544
29 21 3356 5324 1900544
36 115 3355 5225 1900544
4 229 3354 3684 1900544
33 96 3353 4758 1900544
30 122 3352 3978 1900544
14 124 3350 4361 1900544
37 110 3350 3646 1900544
24 252 3349 6356 1900544
9 19 3349 5532 1900544
38 73 3349 3643 2039808
32 237 3348 5116 1900544
3 197 3347 5899 1900544
2 56 3347 4635 1900544
12 68 3347 4190 1900544
27 177 3346 6310 1900544
0 97 3346 5038 1900544
3 148 3344 5955 1900544
37 163 3344 5104 1900544
22 133 3344 4162 1900544
39 101 3344 3617 2039808
39 5 3343 3498 2039808
14 215 3341 4937 1900544
3 134 3341 4275 1900544
14 224 3340 5543 1900544
2 135 3339 3969 1900544
14 136 3338 3725 1900544
38 101 3335 5248 2039808
0 163 3335 5118 1900544
29 57 3334 5290 1900544
30 217 3333 4850 1900544
38 176 3333 3704 2039808
26 53 3331 5610 1900544
1 120 3331 4182 1900544
35 74 3330 4909 1900544
29 19 3330 4516 1900544
38 173 3329 10209 2039808
38 80 3327 6287 2039808
7 44 3326 4562 1900544
1 253 3326 4549 1900544
23 72 3326 4345 1900544
2 233 3326 4249 1900544
22 192 3326 3637 1900544
28 238 3324 6285 1900544
19 99 3324 4468 1900544
23 226 3324 3938 1900544
26 28 3323 5696 1900544
4 8 3323 5692 1900544
4 139 3323 5262 1900544
1 158 3323 4223 1900544
38 242 3323 3875 2039808
11 64 3321 7808 1900544
9 203 3321 5010 1900544
14 12 3321 4475 1900544
36 8 3320 5549 1900544
13 132 3320 3898 1900544
5 43 3319 6342 1900544
26 51 3318 6191 1900544
0 210 3317 6033 1900544
1 195 3317 5574 1900544
1 230 3316 5331 1900544
28 5 3316 3643 1900544
5 188 3315 7307 1900544
34 56 3315 6071 2039808
38 201 3315 5814 2039808
34 9 3315 3881 2039808
4 242 3315 3708 1900544
39 175 3315 3560 2039808
24 127 3314 3950 1900544
34 58 3313 5412 2039808
16 60 3311 6588 1900544
3 34 3311 4448 1900544
0 89 3310 4710 1900544
3 9 3310 4095 1900544
3 106 3307 5200 1900544
29 246 3307 4381 1900544
38 202 3307 3929 2039808
0 166 3306 5106 1900544
37 78 3305 7142 1900544
17 155 3305 4916 1900544
22 249 3305 3750 1900544
10 229 3303 4015 1900544
26 136 3303 3669 1900544
19 41 3302 6033 1900544
21 94 3302 4191 1900544
23 249 3302 3930 1900544
1 17 3301 4343 1900544
17 49 3301 3676 1900544
2 76 3300 4563 1900544
25 171 3300 4166 1900544
1 242 3300 3851 1900544
2 86 3295 5178 1900544
21 252 3294 4968 1900544
39 18 3294 3511 2039808
35 58 3292 4375 1900544
37 20 3292 4104 1900544
13 200 3291 6075 1900544
31 30 3290 6759 1900544
34 105 3290 5503 2039808
35 183 3290 4462 1900544
32 157 3289 3447 1900544
25 37 3288 7147 1900544
1 162 3288 4340 1900544
36 67 3288 3899 1900544
34 120 3287 3959 2039808
4 119 3285 5984 1900544
